     287  ! Number of wavelengths
n_imag = 5e-5
Wavelength (nm), R_diff (r=0.1 micron), R_diff(r=1 micron)
      382.000   0.00123324  0.000110736
      383.000   0.00127069  0.000114486
      384.000   0.00131202  0.000118462
      385.000   0.00135084  0.000122449
      386.000   0.00143785  0.000130541
      387.000   0.00148220  0.000134861
      388.000   0.00164698  0.000149793
      389.000   0.00168041  0.000153133
      390.000   0.00174320  0.000158953
      391.000   0.00184666  0.000168230
      392.000   0.00195835  0.000178101
      393.000   0.00214555  0.000194261
      394.000   0.00219068  0.000198306
      395.000   0.00214590  0.000194784
      396.000   0.00220613  0.000200094
      397.000   0.00229609  0.000207375
      398.000   0.00224517  0.000203026
      399.000   0.00223109  0.000201480
      400.000   0.00228998  0.000205894
      401.000   0.00233088  0.000208841
      402.000   0.00234693  0.000209211
      403.000   0.00239400  0.000212169
      404.000   0.00251921  0.000220644
      405.000   0.00256828  0.000223334
      406.000   0.00263559  0.000226830
      407.000   0.00271062  0.000229656
      408.000   0.00274604  0.000229393
      409.000   0.00282961  0.000231162
      410.000   0.00288509  0.000231958
      411.000   0.00291103  0.000229161
      412.000   0.00291789  0.000223757
      413.000   0.00295549  0.000221548
      414.000   0.00292330  0.000213887
      415.000   0.00288574  0.000206004
      416.000   0.00298751  0.000203314
      417.000   0.00302003  0.000196950
      418.000   0.00305395  0.000187297
      419.000   0.00306834  0.000180070
      420.000   0.00311779  0.000170313
      421.000   0.00311550  0.000155630
      422.000   0.00313999  0.000138705
      423.000   0.00315576  0.000115672
      424.000   0.00316203  0.000100844
      425.000   0.00313888  7.68581e-05
      426.000   0.00315103  5.72335e-05
      427.000   0.00314865  3.13661e-05
      428.000   0.00313883  2.50885e-06
      429.000   0.00313596 -3.25878e-05
      430.000   0.00314671 -7.53919e-05
      431.000   0.00311379 -0.000108225
      432.000   0.00304140 -0.000123923
      433.000   0.00297742 -0.000152702
      434.000   0.00296126 -0.000184902
      435.000   0.00295981 -0.000191526
      436.000   0.00293629 -0.000199337
      437.000   0.00290909 -0.000227634
      438.000   0.00380438  0.000385386
      439.000   0.00381962  0.000383191
      440.000   0.00367399  0.000381857
      441.000   0.00350153  0.000370711
      442.000   0.00364102  0.000385350
      443.000   0.00390186  0.000397519
      444.000   0.00406518  0.000408572
      445.000   0.00416140  0.000426495
      446.000   0.00416460  0.000433610
      447.000   0.00419800  0.000438715
      448.000   0.00425111  0.000452825
      449.000   0.00428716  0.000457525
      450.000   0.00441918  0.000487029
      451.000   0.00447013  0.000501705
      452.000   0.00451602  0.000506938
      453.000   0.00458238  0.000514965
      454.000   0.00466058  0.000523324
      455.000   0.00467458  0.000529861
      456.000   0.00468224  0.000534611
      457.000   0.00465903  0.000542469
      458.000   0.00462940  0.000554127
      459.000   0.00457527  0.000558749
      460.000   0.00464180  0.000565113
      461.000   0.00481103  0.000561958
      462.000   0.00494984  0.000554292
      463.000   0.00496221  0.000547466
      464.000   0.00503595  0.000554779
      465.000   0.00506860  0.000562609
      466.000   0.00514184  0.000571420
      467.000   0.00510076  0.000565708
      468.000   0.00514977  0.000556391
      469.000   0.00517202  0.000549843
      470.000   0.00519125  0.000545722
      471.000   0.00517322  0.000542751
      472.000   0.00522636  0.000548259
      473.000   0.00525670  0.000549951
      474.000   0.00523278  0.000541331
      475.000   0.00526954  0.000542372
      476.000   0.00527399  0.000557404
      477.000   0.00529836  0.000572757
      478.000   0.00522689  0.000602622
      479.000   0.00524202  0.000632054
      480.000   0.00520008  0.000657553
      481.000   0.00504861  0.000671232
      482.000   0.00488552  0.000677952
      483.000   0.00453188  0.000666907
      484.000   0.00367439  0.000590949
      485.000   0.00283511  0.000487773
      486.000   0.00256827  0.000455746
      487.000   0.00410326  0.000649939
      488.000   0.00525669  0.000711517
      489.000   0.00579193  0.000587362
      490.000   0.00552831  0.000452529
      491.000   0.00545655  0.000398712
      492.000   0.00546401  0.000359700
      493.000   0.00543757  0.000336051
      494.000   0.00534649  0.000311406
      495.000   0.00502316  2.74244e-05
      496.000   0.00510601  6.15680e-05
      497.000   0.00527720  0.000134918
      498.000   0.00545331  0.000168718
      499.000   0.00558637  0.000272504
      500.000   0.00581548  0.000360317
      501.000   0.00600736  0.000450693
      502.000   0.00619660  0.000566534
      503.000   0.00625619  0.000629925
      504.000   0.00630750  0.000719468
      505.000   0.00626772  0.000812845
      506.000   0.00618992  0.000878901
      507.000   0.00602928  0.000932849
      508.000   0.00555057  0.000942418
      509.000   0.00520997  0.000927280
      510.000   0.00515886  0.000929358
      511.000   0.00550817  0.000971365
      512.000   0.00624881   0.00102151
      513.000   0.00670747  0.000975069
      514.000   0.00663030  0.000782189
      515.000   0.00649129  0.000675482
      516.000   0.00644477  0.000649017
      517.000   0.00662975  0.000714081
      518.000   0.00690568  0.000888230
      519.000   0.00712562   0.00102098
      520.000   0.00727263   0.00115624
      521.000   0.00725131   0.00126716
      522.000   0.00727127   0.00130812
      523.000   0.00737059   0.00134079
      524.000   0.00752076   0.00136597
      525.000   0.00771945   0.00137133
      526.000   0.00786425   0.00134611
      527.000   0.00792716   0.00134929
      528.000   0.00797396   0.00135274
      529.000   0.00801757   0.00140072
      530.000   0.00802523   0.00146075
      531.000   0.00792449   0.00151207
      532.000   0.00762079   0.00152954
      533.000   0.00716190   0.00152491
      534.000   0.00659888   0.00146508
      535.000   0.00586630   0.00136922
      536.000   0.00479430   0.00117689
      537.000   0.00366197  0.000934009
      538.000   0.00258733  0.000684907
      539.000   0.00180002  0.000490359
      540.000   0.00113304  0.000315719
      541.000  0.000598488  0.000168578
      542.000  0.000296349  8.36665e-05
      543.000  0.000238673  6.69056e-05
      544.000  0.000419716  0.000120498
      545.000   0.00117220  0.000339106
      546.000   0.00309128  0.000854913
      547.000   0.00598374   0.00155365
      548.000   0.00815941   0.00197656
      549.000   0.00905840   0.00205873
      550.000   0.00914222   0.00199791
      551.000   0.00909246   0.00196823
      554.000   0.00930538   0.00216614
      557.000   0.00933939   0.00232108
      560.000   0.00950161   0.00238390
      563.000   0.00938724   0.00245840
      566.000   0.00866341   0.00242014
      569.000   0.00683372   0.00205049
      572.000   0.00502990   0.00159555
      575.000   0.00279584  0.000943897
      578.000   0.00345072   0.00117064
      605.000   0.00807417   0.00307312
      608.000   0.00449847   0.00180679
      611.000   0.00184968  0.000782371
      614.000  4.52047e-05  1.83343e-05
      617.000  7.00223e-06  8.44126e-07
      620.000  8.76960e-06  8.98845e-07
      623.000  2.46203e-05  7.52884e-06
      626.000   0.00164085  0.000742569
      629.000   0.00726991   0.00315833
      632.000   0.00969187   0.00419852
      635.000   0.00969104   0.00427232
      638.000   0.00862664   0.00389531
      642.000   0.00575646   0.00270288
      645.000   0.00608252   0.00289059
      648.000   0.00534172   0.00258796
      651.000   0.00370411   0.00184122
      654.000   0.00262266   0.00132858
      657.000   0.00121797  0.000632286
      660.000  0.000848376  0.000448127
      663.000  0.000427703  0.000230609
      666.000  0.000220698  0.000118789
      669.000  0.000309899  0.000171465
      672.000   0.00166166  0.000917851
      675.000   0.00558123   0.00306198
      678.000   0.00785309   0.00433482
      681.000   0.00451619   0.00256090
      684.000   0.00248039   0.00143864
      687.000   0.00390560   0.00228431
      690.000   0.00540372   0.00318728
      693.000   0.00521177   0.00311942
      696.000   0.00205504   0.00126438
      699.000  0.000246746  0.000156978
      702.000  1.29936e-05  8.32299e-06
      705.000  3.04619e-05  1.96785e-05
      708.000  0.000299272  0.000192499
      711.000   0.00104042  0.000678482
      714.000   0.00103815  0.000681618
      717.000  5.61169e-06  3.87796e-06
      720.000  2.20353e-06  5.95150e-07
      723.000  2.35944e-07  1.37634e-07
      726.000  1.47689e-06  3.90216e-07
      729.000  9.11259e-08  5.56881e-08
      733.000  1.76517e-07  1.05910e-07
      736.000  2.10646e-06  5.54600e-07
      739.000  6.63296e-05  4.73190e-05
      742.000   0.00194696   0.00142500
      745.000   0.00494510   0.00364466
      748.000   0.00520618   0.00388687
      751.000   0.00533236   0.00402623
      754.000   0.00566355   0.00432733
      757.000   0.00415099   0.00321139
      760.000   0.00198669   0.00155354
      763.000  0.000559952  0.000442286
      766.000  0.000254272  0.000202677
      769.000  0.000285501  0.000229830
      772.000  0.000140508  0.000114148
      775.000  2.79034e-05  2.27974e-05
      778.000  4.09672e-06  3.34058e-06
      781.000  5.27089e-07  3.99568e-07
      784.000  2.33726e-07  1.73869e-07
      787.000  2.69522e-07  2.04269e-07
      790.000  8.55000e-08  7.41000e-08
      793.000  2.88362e-07  2.20686e-07
      796.000  6.13714e-08  4.09143e-08
      802.000  2.94679e-09  2.94679e-09
      805.000  4.77369e-08  3.87862e-08
      808.000  1.73801e-06  1.57377e-06
      811.000  1.00597e-05  9.20594e-06
      814.000  0.000124624  0.000116057
      817.000  0.000615807  0.000587044
      821.000   0.00234557   0.00231310
      824.000   0.00305679   0.00307042
      827.000   0.00312158   0.00318089
      830.000   0.00471858   0.00489668
      833.000   0.00375864   0.00392299
      836.000  5.24421e-05  5.26836e-05
      839.000  2.24758e-08  2.24758e-08
      842.000  2.57737e-08  2.57737e-08
      845.000  1.04823e-06  1.06129e-06
      848.000  1.20909e-05  1.24356e-05
      851.000  8.10939e-06  8.40453e-06
      854.000  1.31961e-08  1.31961e-08
      857.000      0.00000      0.00000
      860.000      0.00000      0.00000
      863.000      0.00000      0.00000
      866.000      0.00000      0.00000
      869.000      0.00000      0.00000
      872.000      0.00000      0.00000
      875.000      0.00000      0.00000
      878.000      0.00000      0.00000
      881.000      0.00000      0.00000
      884.000      0.00000      0.00000
      887.000      0.00000      0.00000
      890.000      0.00000      0.00000
      893.000      0.00000      0.00000
      896.000      0.00000      0.00000
      899.000      0.00000      0.00000
      902.000      0.00000      0.00000
      905.000      0.00000      0.00000
      908.000      0.00000      0.00000
      912.000      0.00000      0.00000
      915.000      0.00000      0.00000
      918.000  9.74926e-08  1.24255e-07
      921.000  4.30012e-06  5.40743e-06
      924.000  9.93007e-05  0.000131082
      927.000  0.000453467  0.000630200
      930.000   0.00230584   0.00344040
      933.000   0.00457324   0.00712541
n_imag = 5e-4
Wavelength (nm), R_diff (r=0.1 micron), R_diff(r=1 micron)
      382.000   0.00101034 -0.000105707
      383.000   0.00103558 -0.000114686
      384.000   0.00106333 -0.000124753
      385.000   0.00108831 -0.000135144
      386.000   0.00115007 -0.000152816
      387.000   0.00117783 -0.000165783
      388.000   0.00129699 -0.000197339
      389.000   0.00131396 -0.000211661
      390.000   0.00135134 -0.000232501
      391.000   0.00141720 -0.000262196
      392.000   0.00148720 -0.000295759
      393.000   0.00160746 -0.000348790
      394.000   0.00162573 -0.000373717
      395.000   0.00157693 -0.000383396
      396.000   0.00160280 -0.000415120
      397.000   0.00164314 -0.000460771
      398.000   0.00159069 -0.000468896
      399.000   0.00155953 -0.000490420
      400.000   0.00157336 -0.000534983
      401.000   0.00157708 -0.000573070
      402.000   0.00155974 -0.000609851
      403.000   0.00156165 -0.000656739
      404.000   0.00160124 -0.000740871
      405.000   0.00159872 -0.000795414
      406.000   0.00159952 -0.000864947
      407.000   0.00159207 -0.000952922
      408.000   0.00156646  -0.00102179
      409.000   0.00154707  -0.00113326
      410.000   0.00152141  -0.00122324
      411.000   0.00147095  -0.00131136
      412.000   0.00140112  -0.00140447
      413.000   0.00135148  -0.00150442
      414.000   0.00126727  -0.00157391
      415.000   0.00117870  -0.00164118
      416.000   0.00111216  -0.00183192
      417.000   0.00103289  -0.00196455
      418.000  0.000920314  -0.00213952
      419.000  0.000831282  -0.00226555
      420.000  0.000713328  -0.00246412
      421.000  0.000566346  -0.00264340
      422.000  0.000393965  -0.00288509
      423.000  0.000179047  -0.00316870
      424.000  1.71571e-05  -0.00337736
      425.000 -0.000200938  -0.00362334
      426.000 -0.000392458  -0.00387534
      427.000 -0.000636130  -0.00417663
      428.000 -0.000901901  -0.00449902
      429.000  -0.00121294  -0.00488523
      430.000  -0.00160006  -0.00537980
      431.000  -0.00189016  -0.00570968
      432.000  -0.00202389  -0.00580040
      433.000  -0.00227718  -0.00605076
      434.000  -0.00256184  -0.00639057
      435.000  -0.00264690  -0.00649565
      436.000  -0.00273456  -0.00658044
      437.000  -0.00298075  -0.00686136
      438.000   0.00181305  -0.00183448
      439.000   0.00175615  -0.00192158
      440.000   0.00176534  -0.00174951
      441.000   0.00170403  -0.00163865
      442.000   0.00174129  -0.00174075
      443.000   0.00171101  -0.00206243
      444.000   0.00170059  -0.00225439
      445.000   0.00178491  -0.00225359
      446.000   0.00180451  -0.00223123
      447.000   0.00179780  -0.00227501
      448.000   0.00185295  -0.00226170
      449.000   0.00184142  -0.00231483
      450.000   0.00199184  -0.00226709
      451.000   0.00204916  -0.00224798
      452.000   0.00203304  -0.00231751
      453.000   0.00203486  -0.00238749
      454.000   0.00204252  -0.00246178
      455.000   0.00204654  -0.00246988
      456.000   0.00203807  -0.00248761
      457.000   0.00207151  -0.00241648
      458.000   0.00214582  -0.00228637
      459.000   0.00216388  -0.00220095
      460.000   0.00214448  -0.00229697
      461.000   0.00198097  -0.00269266
      462.000   0.00181954  -0.00305796
      463.000   0.00171010  -0.00321283
      464.000   0.00169027  -0.00331798
      465.000   0.00169091  -0.00335025
      466.000   0.00169784  -0.00342002
      467.000   0.00160093  -0.00349972
      468.000   0.00146152  -0.00373719
      469.000   0.00136033  -0.00389257
      470.000   0.00126055  -0.00404427
      471.000   0.00119176  -0.00411265
      472.000   0.00116331  -0.00420687
      473.000   0.00111173  -0.00430631
      474.000   0.00100583  -0.00441636
      475.000  0.000947899  -0.00453279
      476.000   0.00101349  -0.00444748
      477.000   0.00107568  -0.00438931
      478.000   0.00130398  -0.00400536
      479.000   0.00150113  -0.00375816
      480.000   0.00169157  -0.00345879
      481.000   0.00184477  -0.00308798
      482.000   0.00199155  -0.00271451
      483.000   0.00211020  -0.00216980
      484.000   0.00207176  -0.00128206
      485.000   0.00181776 -0.000696066
      486.000   0.00171574 -0.000535883
      487.000   0.00213131  -0.00166232
      488.000   0.00170057  -0.00348469
      489.000  0.000235194  -0.00600747
      490.000 -0.000747282  -0.00703022
      491.000  -0.00118638  -0.00753511
      492.000  -0.00153680  -0.00800724
      493.000  -0.00176767  -0.00828501
      494.000  -0.00197640  -0.00846247
      495.000  -0.00413945   -0.0109396
      496.000  -0.00398528   -0.0108299
      497.000  -0.00357008   -0.0104696
      498.000  -0.00347828   -0.0105395
      499.000  -0.00280845  -0.00979958
      500.000  -0.00233807  -0.00941970
      501.000  -0.00181843  -0.00893460
      502.000  -0.00110292  -0.00818539
      503.000 -0.000692160  -0.00770017
      504.000 -7.37873e-05  -0.00693131
      505.000  0.000648687  -0.00592490
      506.000   0.00120448  -0.00509774
      507.000   0.00178210  -0.00414900
      508.000   0.00224026  -0.00301735
      509.000   0.00237798  -0.00246136
      510.000   0.00241007  -0.00235729
      511.000   0.00235700  -0.00280241
      512.000   0.00193576  -0.00416521
      513.000   0.00102459  -0.00587822
      514.000 -0.000555141  -0.00792131
      515.000  -0.00137161  -0.00887407
      516.000  -0.00161956  -0.00916324
      517.000  -0.00134591  -0.00898334
      518.000 -0.000279878  -0.00784441
      519.000  0.000504555  -0.00701032
      520.000   0.00138218  -0.00598017
      521.000   0.00222945  -0.00481180
      522.000   0.00246637  -0.00450376
      523.000   0.00254163  -0.00450359
      524.000   0.00248329  -0.00474165
      525.000   0.00220999  -0.00532061
      526.000   0.00174399  -0.00609171
      527.000   0.00159525  -0.00636165
      528.000   0.00148095  -0.00655463
      529.000   0.00172435  -0.00626513
      530.000   0.00211985  -0.00573170
      531.000   0.00257190  -0.00500440
      532.000   0.00301014  -0.00407769
      533.000   0.00344404  -0.00299573
      534.000   0.00357103  -0.00221353
      535.000   0.00364741  -0.00132111
      536.000   0.00334156 -0.000581397
      537.000   0.00275471 -0.000157103
      538.000   0.00206365  6.01494e-05
      539.000   0.00148506  0.000117530
      540.000  0.000949761  0.000100403
      541.000  0.000496914  4.95420e-05
      542.000  0.000237886  1.48138e-05
      543.000  0.000186970  5.90973e-06
      544.000  0.000350019  3.93254e-05
      545.000   0.00100314  0.000140169
      546.000   0.00247368  0.000113275
      547.000   0.00411136 -0.000729143
      548.000   0.00442389  -0.00261238
      549.000   0.00368749  -0.00457240
      550.000   0.00293011  -0.00570021
      551.000   0.00262294  -0.00606346
      554.000   0.00356297  -0.00496132
      557.000   0.00444156  -0.00375034
      560.000   0.00427458  -0.00411878
      563.000   0.00465415  -0.00343684
      566.000   0.00518382  -0.00190394
      569.000   0.00483742 -0.000421943
      572.000   0.00395190  0.000270684
      575.000   0.00239173  0.000454271
      578.000   0.00290157  0.000501226
      605.000   0.00635325  0.000909227
      608.000   0.00388190   0.00104232
      611.000   0.00168718  0.000586442
      614.000  3.49962e-05  6.27975e-06
      617.000 -4.10004e-07 -7.99106e-06
      620.000 -1.45378e-06 -1.13489e-05
      623.000  6.68344e-06 -1.39252e-05
      626.000   0.00149521  0.000567192
      629.000   0.00608485   0.00166723
      632.000   0.00773620   0.00170932
      635.000   0.00783615   0.00190713
      638.000   0.00720641   0.00209119
      642.000   0.00506340   0.00183275
      645.000   0.00535349   0.00197411
      648.000   0.00476576   0.00186703
      651.000   0.00337057   0.00142795
      654.000   0.00240206   0.00105764
      657.000   0.00112384  0.000518356
      660.000  0.000788321  0.000375842
      663.000  0.000400029  0.000197546
      666.000  0.000203453  9.81801e-05
      669.000  0.000291140  0.000149090
      672.000   0.00154976  0.000781277
      675.000   0.00506197   0.00240883
      678.000   0.00701743   0.00327116
      681.000   0.00413888   0.00208688
      684.000   0.00231393   0.00123285
      687.000   0.00362165   0.00192911
      690.000   0.00497679   0.00264853
      693.000   0.00481730   0.00262223
      696.000   0.00194152   0.00112426
      699.000  0.000237727  0.000146213
      702.000  1.24985e-05  7.72515e-06
      705.000  2.93975e-05  1.84012e-05
      708.000  0.000284872  0.000175042
      711.000  0.000987319  0.000613271
      714.000  0.000981070  0.000611399
      717.000  5.46198e-06  3.68478e-06
      720.000  9.83719e-07 -9.09941e-07
      723.000  2.21198e-07  1.22888e-07
      726.000  7.45856e-07 -5.21111e-07
      729.000  8.85946e-08  5.06255e-08
      733.000  1.71473e-07  9.07801e-08
      736.000  1.05832e-06 -7.42859e-07
      739.000  6.33358e-05  4.36611e-05
      742.000   0.00185932   0.00131501
      745.000   0.00466309   0.00328477
      748.000   0.00491134   0.00350959
      751.000   0.00503003   0.00363865
      754.000   0.00534003   0.00391143
      757.000   0.00393506   0.00293477
      760.000   0.00189966   0.00144300
      763.000  0.000540446  0.000417763
      766.000  0.000246273  0.000192651
      769.000  0.000276549  0.000218601
      772.000  0.000136423  0.000109014
      775.000  2.71460e-05  2.18436e-05
      778.000  3.97822e-06  3.19386e-06
      781.000  5.04419e-07  3.68396e-07
      784.000  2.19474e-07  1.59617e-07
      787.000  2.52499e-07  1.87247e-07
      790.000  8.26500e-08  6.84000e-08
      793.000  2.73650e-07  2.03031e-07
      796.000  5.84490e-08  3.79918e-08
      802.000  2.94679e-09  2.94679e-09
      805.000  4.77369e-08  3.87862e-08
      808.000  1.69919e-06  1.52599e-06
      811.000  9.82683e-06  8.90146e-06
      814.000  0.000121162  0.000111519
      817.000  0.000595141  0.000559734
      821.000   0.00224497   0.00217819
      824.000   0.00291353   0.00287688
      827.000   0.00297027   0.00297540
      830.000   0.00447083   0.00455818
      833.000   0.00357570   0.00367308
      836.000  5.09548e-05  5.06752e-05
      839.000  2.24758e-08  2.24758e-08
      842.000  2.57737e-08  2.57737e-08
      845.000  1.02537e-06  1.03190e-06
      848.000  1.18053e-05  1.20384e-05
      851.000  7.92064e-06  8.14714e-06
      854.000  1.31961e-08  1.31961e-08
      857.000      0.00000      0.00000
      860.000      0.00000      0.00000
      863.000      0.00000      0.00000
      866.000      0.00000      0.00000
      869.000      0.00000      0.00000
      872.000      0.00000      0.00000
      875.000      0.00000      0.00000
      878.000      0.00000      0.00000
      881.000      0.00000      0.00000
      884.000      0.00000      0.00000
      887.000      0.00000      0.00000
      890.000      0.00000      0.00000
      893.000      0.00000      0.00000
      896.000      0.00000      0.00000
      899.000      0.00000      0.00000
      902.000      0.00000      0.00000
      905.000      0.00000      0.00000
      908.000      0.00000      0.00000
      912.000      0.00000      0.00000
      915.000      0.00000      0.00000
      918.000  9.74926e-08  1.20432e-07
      921.000  4.20621e-06  5.25874e-06
      924.000  9.63322e-05  0.000126664
      927.000  0.000436499  0.000604822
      930.000   0.00218895   0.00326407
      933.000   0.00429561   0.00670415
n_imag = 5e-3
Wavelength (nm), R_diff (r=0.1 micron), R_diff(r=1 micron)
      382.000  0.000774004 -0.000326797
      383.000  0.000786313 -0.000348731
      384.000  0.000799793 -0.000373253
      385.000  0.000810211 -0.000398432
      386.000  0.000845436 -0.000442439
      387.000  0.000855789 -0.000473026
      388.000  0.000926641 -0.000551575
      389.000  0.000926567 -0.000583871
      390.000  0.000937297 -0.000631739
      391.000  0.000963786 -0.000701085
      392.000  0.000990217 -0.000778404
      393.000   0.00104008 -0.000901837
      394.000   0.00103044 -0.000955978
      395.000  0.000977630 -0.000972038
      396.000  0.000968013  -0.00104077
      397.000  0.000956364  -0.00113990
      398.000  0.000902736  -0.00115193
      399.000  0.000854315  -0.00119334
      400.000  0.000821428  -0.00128723
      401.000  0.000786943  -0.00136597
      402.000  0.000735172  -0.00144028
      403.000  0.000691092  -0.00153647
      404.000  0.000642026  -0.00171352
      405.000  0.000586332  -0.00182530
      406.000  0.000519008  -0.00196746
      407.000  0.000426904  -0.00214606
      408.000  0.000338832  -0.00228241
      409.000  0.000215197  -0.00250613
      410.000  0.000106346  -0.00268563
      411.000 -2.09526e-05  -0.00285809
      412.000 -0.000168237  -0.00303665
      413.000 -0.000305586  -0.00323272
      414.000 -0.000441901  -0.00336123
      415.000 -0.000579913  -0.00348579
      416.000 -0.000816487  -0.00386100
      417.000  -0.00100764  -0.00411618
      418.000  -0.00126563  -0.00445139
      419.000  -0.00145832  -0.00469089
      420.000  -0.00174293  -0.00507176
      421.000  -0.00203141  -0.00540861
      422.000  -0.00239887  -0.00586464
      423.000  -0.00283858  -0.00639792
      424.000  -0.00316573  -0.00678878
      425.000  -0.00357187  -0.00724427
      426.000  -0.00396209  -0.00771654
      427.000  -0.00443808  -0.00827660
      428.000  -0.00495171  -0.00887324
      429.000  -0.00556019  -0.00958718
      430.000  -0.00632892   -0.0105028
      431.000  -0.00686525   -0.0111068
      432.000  -0.00705160   -0.0112620
      433.000  -0.00748033   -0.0117115
      434.000  -0.00801962   -0.0123341
      435.000  -0.00818413   -0.0125301
      436.000  -0.00832937   -0.0126845
      437.000  -0.00878152   -0.0131962
      438.000 -0.000239934  -0.00406079
      439.000 -0.000366975  -0.00422853
      440.000 -0.000200805  -0.00388613
      441.000 -0.000146599  -0.00365088
      442.000 -0.000213944  -0.00387053
      443.000 -0.000539154  -0.00452146
      444.000 -0.000727205  -0.00491430
      445.000 -0.000660453  -0.00493850
      446.000 -0.000625098  -0.00490368
      447.000 -0.000672594  -0.00499622
      448.000 -0.000618953  -0.00498852
      449.000 -0.000678973  -0.00509930
      450.000 -0.000518742  -0.00504440
      451.000 -0.000458155  -0.00502611
      452.000 -0.000537401  -0.00517072
      453.000 -0.000602531  -0.00531865
      454.000 -0.000666622  -0.00547606
      455.000 -0.000673934  -0.00549983
      456.000 -0.000698636  -0.00554052
      457.000 -0.000608115  -0.00540942
      458.000 -0.000430531  -0.00516442
      459.000 -0.000339419  -0.00499963
      460.000 -0.000446445  -0.00519775
      461.000 -0.000945546  -0.00598034
      462.000  -0.00141314  -0.00669911
      463.000  -0.00164437  -0.00700035
      464.000  -0.00175858  -0.00721739
      465.000  -0.00179076  -0.00729092
      466.000  -0.00185198  -0.00744053
      467.000  -0.00200496  -0.00759204
      468.000  -0.00233448  -0.00805266
      469.000  -0.00255874  -0.00835545
      470.000  -0.00277929  -0.00865114
      471.000  -0.00289792  -0.00878420
      472.000  -0.00300906  -0.00897738
      473.000  -0.00314321  -0.00917626
      474.000  -0.00332825  -0.00938528
      475.000  -0.00348323  -0.00961862
      476.000  -0.00335721  -0.00946645
      477.000  -0.00325755  -0.00936787
      478.000  -0.00272895  -0.00863939
      479.000  -0.00235100  -0.00818279
      480.000  -0.00192796  -0.00761615
      481.000  -0.00146694  -0.00689312
      482.000  -0.00100523  -0.00615712
      483.000 -0.000404344  -0.00505850
      484.000  0.000398923  -0.00320006
      485.000  0.000752339  -0.00191306
      486.000  0.000821819  -0.00155696
      487.000  8.01866e-05  -0.00402218
      488.000  -0.00196642  -0.00772595
      489.000  -0.00543596   -0.0125940
      490.000  -0.00712317   -0.0144631
      491.000  -0.00792028   -0.0153966
      492.000  -0.00862312   -0.0162883
      493.000  -0.00905300   -0.0168068
      494.000  -0.00937231   -0.0171257
      495.000   -0.0132977   -0.0216428
      496.000   -0.0130820   -0.0214752
      497.000   -0.0124420   -0.0208607
      498.000   -0.0124430   -0.0210430
      499.000   -0.0112568   -0.0197084
      500.000   -0.0105589   -0.0190639
      501.000  -0.00972688   -0.0182178
      502.000  -0.00850221   -0.0168734
      503.000  -0.00774592   -0.0159840
      504.000  -0.00656892   -0.0145621
      505.000  -0.00509165   -0.0126743
      506.000  -0.00390351   -0.0111063
      507.000  -0.00258638  -0.00928204
      508.000  -0.00118048  -0.00703834
      509.000 -0.000553808  -0.00590899
      510.000 -0.000434801  -0.00570174
      511.000 -0.000899062  -0.00663623
      512.000  -0.00250415  -0.00941117
      513.000  -0.00479374   -0.0127667
      514.000  -0.00786385   -0.0166032
      515.000  -0.00934858   -0.0183692
      516.000  -0.00979500   -0.0189122
      517.000  -0.00943777   -0.0186315
      518.000  -0.00760277   -0.0165767
      519.000  -0.00626055   -0.0150694
      520.000  -0.00466019   -0.0131733
      521.000  -0.00294528   -0.0109744
      522.000  -0.00248928   -0.0104004
      523.000  -0.00243863   -0.0104341
      524.000  -0.00271001   -0.0109387
      525.000  -0.00346122   -0.0120959
      526.000  -0.00453722   -0.0135993
      527.000  -0.00490077   -0.0141411
      528.000  -0.00517592   -0.0145234
      529.000  -0.00473275   -0.0140003
      530.000  -0.00394905   -0.0130040
      531.000  -0.00294075   -0.0116106
      532.000  -0.00175014  -0.00978022
      533.000 -0.000411272  -0.00761795
      534.000  0.000421121  -0.00598772
      535.000   0.00132709  -0.00409949
      536.000   0.00181371  -0.00240920
      537.000   0.00179830  -0.00129448
      538.000   0.00151082 -0.000591995
      539.000   0.00115271 -0.000271167
      540.000  0.000757001 -0.000123280
      541.000  0.000390564 -7.32144e-05
      542.000  0.000177060 -5.56527e-05
      543.000  0.000133254 -5.64422e-05
      544.000  0.000277261 -4.41702e-05
      545.000  0.000824243 -6.80410e-05
      546.000   0.00182032 -0.000663550
      547.000   0.00214351  -0.00310322
      548.000  0.000529575  -0.00734250
      549.000  -0.00188018   -0.0113557
      550.000  -0.00349089   -0.0135427
      551.000  -0.00405569   -0.0142395
      554.000  -0.00238650   -0.0122503
      557.000 -0.000653236  -0.00999153
      560.000  -0.00115696   -0.0107956
      563.000 -0.000276656  -0.00950851
      566.000   0.00153953  -0.00638688
      569.000   0.00273344  -0.00300592
      572.000   0.00281034  -0.00112221
      575.000   0.00196182 -6.32676e-05
      578.000   0.00231787 -0.000205560
      605.000   0.00452921  -0.00137444
      608.000   0.00322424  0.000229347
      611.000   0.00151334  0.000377461
      614.000  2.45194e-05 -5.85373e-06
      617.000 -7.93479e-06 -1.67780e-05
      620.000 -1.18179e-05 -2.34716e-05
      623.000 -1.12853e-05 -3.49166e-05
      626.000   0.00134100  0.000382385
      629.000   0.00482846  9.15154e-05
      632.000   0.00566619 -0.000916458
      635.000   0.00586913 -0.000593467
      638.000   0.00569675  0.000177755
      642.000   0.00432395  0.000905068
      645.000   0.00457539  0.000996864
      648.000   0.00415058   0.00109727
      651.000   0.00301403  0.000986258
      654.000   0.00216691  0.000769344
      657.000   0.00102423  0.000398358
      660.000  0.000724674  0.000299619
      663.000  0.000370720  0.000162709
      666.000  0.000185320  7.66915e-05
      669.000  0.000271230  0.000125452
      672.000   0.00143030  0.000635581
      675.000   0.00450736   0.00171076
      678.000   0.00612503   0.00213420
      681.000   0.00373525   0.00157912
      684.000   0.00213568   0.00101219
      687.000   0.00331714   0.00154753
      690.000   0.00451900   0.00206971
      693.000   0.00439420   0.00208768
      696.000   0.00181953  0.000973248
      699.000  0.000228013  0.000134587
      702.000  1.19754e-05  7.08995e-06
      705.000  2.82682e-05  1.70498e-05
      708.000  0.000269487  0.000156424
      711.000  0.000930488  0.000543346
      714.000  0.000920204  0.000536582
      717.000  5.29295e-06  3.49161e-06
      720.000 -2.80360e-07 -2.45930e-06
      723.000  2.01536e-07  8.84792e-08
      726.000 -1.72880e-08 -1.45220e-06
      729.000  8.10008e-08  4.30317e-08
      733.000  1.51300e-07  7.06067e-08
      736.000 -3.56165e-08 -2.09629e-06
      739.000  6.01553e-05  3.97593e-05
      742.000   0.00176503   0.00119613
      745.000   0.00436028   0.00289636
      748.000   0.00459464   0.00310216
      751.000   0.00470538   0.00322011
      754.000   0.00499261   0.00346228
      757.000   0.00370314   0.00263579
      760.000   0.00180609   0.00132340
      763.000  0.000519443  0.000391216
      766.000  0.000237670  0.000181821
      769.000  0.000266918  0.000206410
      772.000  0.000132032  0.000103458
      775.000  2.63324e-05  2.08224e-05
      778.000  3.85972e-06  3.04151e-06
      781.000  4.78915e-07  3.34390e-07
      784.000  2.05222e-07  1.36815e-07
      787.000  2.38314e-07  1.64550e-07
      790.000  8.26500e-08  6.27000e-08
      793.000  2.61880e-07  1.82433e-07
      796.000  5.55265e-08  3.79918e-08
      802.000  2.94679e-09  2.94679e-09
      805.000  4.17698e-08  3.87862e-08
      808.000  1.66037e-06  1.47223e-06
      811.000  9.57609e-06  8.56116e-06
      814.000  0.000117420  0.000106604
      817.000  0.000572859  0.000530122
      821.000   0.00213674   0.00203202
      824.000   0.00275945   0.00266720
      827.000   0.00280752   0.00275285
      830.000   0.00420449   0.00419170
      833.000   0.00337895   0.00340238
      836.000  4.93595e-05  4.85015e-05
      839.000  2.24758e-08  2.24758e-08
      842.000  2.57737e-08  2.57737e-08
      845.000  1.00251e-06  9.95984e-07
      848.000  1.14934e-05  1.16149e-05
      851.000  7.72159e-06  7.86230e-06
      854.000  1.31961e-08  1.31961e-08
      857.000      0.00000      0.00000
      860.000      0.00000      0.00000
      863.000      0.00000      0.00000
      866.000      0.00000      0.00000
      869.000      0.00000      0.00000
      872.000      0.00000      0.00000
      875.000      0.00000      0.00000
      878.000      0.00000      0.00000
      881.000      0.00000      0.00000
      884.000      0.00000      0.00000
      887.000      0.00000      0.00000
      890.000      0.00000      0.00000
      893.000      0.00000      0.00000
      896.000      0.00000      0.00000
      899.000      0.00000      0.00000
      902.000      0.00000      0.00000
      905.000      0.00000      0.00000
      908.000      0.00000      0.00000
      912.000      0.00000      0.00000
      915.000      0.00000      0.00000
      918.000  9.55809e-08  1.16609e-07
      921.000  4.08883e-06  5.09441e-06
      924.000  9.31321e-05  0.000121866
      927.000  0.000418208  0.000577265
      930.000   0.00206319   0.00307287
      933.000   0.00399731   0.00624793
n_imag = 2e-3
Wavelength (nm), R_diff (r=0.1 micron), R_diff(r=1 micron)
      382.000  0.000333684 -0.000724211
      383.000  0.000321962 -0.000769624
      384.000  0.000309147 -0.000819736
      385.000  0.000292802 -0.000871191
      386.000  0.000278933 -0.000961865
      387.000  0.000257588  -0.00102397
      388.000  0.000239744  -0.00118663
      389.000  0.000208153  -0.00125042
      390.000  0.000169869  -0.00134656
      391.000  0.000124278  -0.00148603
      392.000  7.07942e-05  -0.00164137
      393.000 -7.66985e-06  -0.00188930
      394.000 -6.81911e-05  -0.00199498
      395.000 -0.000127333  -0.00202141
      396.000 -0.000201692  -0.00215555
      397.000 -0.000306904  -0.00234888
      398.000 -0.000361975  -0.00236637
      399.000 -0.000441013  -0.00244196
      400.000 -0.000557980  -0.00262191
      401.000 -0.000661196  -0.00277188
      402.000 -0.000773760  -0.00291111
      403.000 -0.000900265  -0.00309261
      404.000  -0.00110838  -0.00343152
      405.000  -0.00125875  -0.00364181
      406.000  -0.00144722  -0.00390948
      407.000  -0.00168890  -0.00424342
      408.000  -0.00188684  -0.00449593
      409.000  -0.00219558  -0.00491144
      410.000  -0.00244988  -0.00524378
      411.000  -0.00271029  -0.00555771
      412.000  -0.00299239  -0.00588082
      413.000  -0.00328159  -0.00623834
      414.000  -0.00350575  -0.00646476
      415.000  -0.00372617  -0.00668252
      416.000  -0.00425728  -0.00736579
      417.000  -0.00464057  -0.00782611
      418.000  -0.00514766  -0.00842584
      419.000  -0.00551594  -0.00885513
      420.000  -0.00608451  -0.00953744
      421.000  -0.00661072   -0.0101304
      422.000  -0.00730539   -0.0109365
      423.000  -0.00812291   -0.0118716
      424.000  -0.00872402   -0.0125576
      425.000  -0.00943768   -0.0133477
      426.000   -0.0101575   -0.0141724
      427.000   -0.0110174   -0.0151442
      428.000   -0.0119347   -0.0161757
      429.000   -0.0130262   -0.0174087
      430.000   -0.0144201   -0.0189895
      431.000   -0.0153496   -0.0200188
      432.000   -0.0156083   -0.0202621
      433.000   -0.0163106   -0.0210127
      434.000   -0.0172550   -0.0220715
      435.000   -0.0175455   -0.0224108
      436.000   -0.0177796   -0.0226676
      437.000   -0.0185533   -0.0235316
      438.000  -0.00392071  -0.00793614
      439.000  -0.00416385  -0.00823300
      440.000  -0.00372255  -0.00760307
      441.000  -0.00345811  -0.00714910
      442.000  -0.00371253  -0.00757308
      443.000  -0.00455323  -0.00878206
      444.000  -0.00505482  -0.00952082
      445.000  -0.00503146  -0.00960048
      446.000  -0.00497253  -0.00954975
      447.000  -0.00509264  -0.00972773
      448.000  -0.00504833  -0.00973822
      449.000  -0.00519382  -0.00994768
      450.000  -0.00503506  -0.00990274
      451.000  -0.00497828  -0.00989746
      452.000  -0.00516937   -0.0101710
      453.000  -0.00535349   -0.0104548
      454.000  -0.00554415   -0.0107561
      455.000  -0.00557126   -0.0108081
      456.000  -0.00562611   -0.0108894
      457.000  -0.00543945   -0.0106610
      458.000  -0.00508269   -0.0102243
      459.000  -0.00486348  -0.00992534
      460.000  -0.00512497   -0.0103004
      461.000  -0.00621104   -0.0117396
      462.000  -0.00721169   -0.0130584
      463.000  -0.00765398   -0.0136049
      464.000  -0.00793638   -0.0140146
      465.000  -0.00802656   -0.0141609
      466.000  -0.00820932   -0.0144506
      467.000  -0.00845556   -0.0147203
      468.000  -0.00911312   -0.0155563
      469.000  -0.00954934   -0.0161063
      470.000  -0.00997662   -0.0166426
      471.000   -0.0101808   -0.0168838
      472.000   -0.0104370   -0.0172465
      473.000   -0.0107140   -0.0176150
      474.000   -0.0110335   -0.0179883
      475.000   -0.0113566   -0.0184169
      476.000   -0.0111257   -0.0181562
      477.000   -0.0109648   -0.0179957
      478.000  -0.00992045   -0.0166952
      479.000  -0.00923582   -0.0158952
      480.000  -0.00841348   -0.0148835
      481.000  -0.00741485   -0.0135648
      482.000  -0.00640366   -0.0122134
      483.000  -0.00495341   -0.0101635
      484.000  -0.00264784  -0.00661595
      485.000  -0.00119814  -0.00409307
      486.000 -0.000817560  -0.00338973
      487.000  -0.00363903  -0.00820598
      488.000  -0.00853164   -0.0151406
      489.000   -0.0154486   -0.0239300
      490.000   -0.0183036   -0.0271603
      491.000   -0.0196970   -0.0287886
      492.000   -0.0209935   -0.0303608
      493.000   -0.0217533   -0.0312677
      494.000   -0.0222477   -0.0318044
      495.000   -0.0290196   -0.0395033
      496.000   -0.0287195   -0.0392720
      497.000   -0.0277329   -0.0382824
      498.000   -0.0279148   -0.0386843
      499.000   -0.0258828   -0.0364108
      500.000   -0.0248340   -0.0353751
      501.000   -0.0235025   -0.0339713
      502.000   -0.0214454   -0.0316895
      503.000   -0.0201064   -0.0301435
      504.000   -0.0179938   -0.0276615
      505.000   -0.0152384   -0.0243271
      506.000   -0.0129730   -0.0215327
      507.000   -0.0103861   -0.0182460
      508.000  -0.00732683   -0.0141125
      509.000  -0.00583357   -0.0119928
      510.000  -0.00555874   -0.0116030
      511.000  -0.00674948   -0.0133836
      512.000   -0.0104355   -0.0185835
      513.000   -0.0151100   -0.0247093
      514.000   -0.0207070   -0.0314975
      515.000   -0.0233115   -0.0345870
      516.000   -0.0240956   -0.0355508
      517.000   -0.0236153   -0.0351287
      518.000   -0.0204990   -0.0316043
      519.000   -0.0182237   -0.0290044
      520.000   -0.0153990   -0.0256847
      521.000   -0.0122033   -0.0217755
      522.000   -0.0113653   -0.0207534
      523.000   -0.0113611   -0.0208506
      524.000   -0.0120092   -0.0218155
      525.000   -0.0135912   -0.0239568
      526.000   -0.0157124   -0.0266809
      527.000   -0.0164541   -0.0276895
      528.000   -0.0169952   -0.0283827
      529.000   -0.0162147   -0.0274770
      530.000   -0.0147692   -0.0257124
      531.000   -0.0127975   -0.0231957
      532.000   -0.0102942   -0.0198273
      533.000  -0.00737395   -0.0158194
      534.000  -0.00528974   -0.0127169
      535.000  -0.00291270  -0.00909721
      536.000 -0.000999645  -0.00572655
      537.000  3.08636e-05  -0.00336732
      538.000  0.000487167  -0.00178321
      539.000  0.000537503 -0.000980576
      540.000  0.000401407 -0.000529661
      541.000  0.000195971 -0.000293912
      542.000  6.65470e-05 -0.000181239
      543.000  3.59723e-05 -0.000167143
      544.000  0.000144325 -0.000193935
      545.000  0.000491930 -0.000449848
      546.000  0.000606575  -0.00208920
      547.000  -0.00147764  -0.00741350
      548.000  -0.00655715   -0.0158145
      549.000   -0.0119189   -0.0233815
      550.000   -0.0150151   -0.0273736
      551.000   -0.0160302   -0.0286352
      554.000   -0.0131082   -0.0251657
      557.000  -0.00988675   -0.0211288
      560.000   -0.0109853   -0.0226894
      563.000  -0.00922848   -0.0203693
      566.000  -0.00512619   -0.0144821
      569.000  -0.00115095  -0.00772542
      572.000  0.000687390  -0.00368864
      575.000   0.00115699  -0.00102452
      578.000   0.00122682  -0.00151662
      605.000   0.00113207  -0.00560112
      608.000   0.00198867  -0.00129206
      611.000   0.00118528 -1.57456e-05
      614.000  5.88529e-06 -2.69335e-05
      617.000 -2.10951e-05 -3.17552e-05
      620.000 -2.98886e-05 -4.41059e-05
      623.000 -4.22859e-05 -7.01602e-05
      626.000   0.00105375  3.97998e-05
      629.000   0.00248667  -0.00283450
      632.000   0.00181848  -0.00577486
      635.000   0.00220391  -0.00523539
      638.000   0.00287453  -0.00338959
      642.000   0.00293356 -0.000837154
      645.000   0.00311234 -0.000839409
      648.000   0.00299203 -0.000352043
      651.000   0.00234163  0.000153250
      654.000   0.00172549  0.000228500
      657.000  0.000838997  0.000176221
      660.000  0.000606159  0.000158257
      663.000  0.000316153  9.81297e-05
      666.000  0.000151823  3.73742e-05
      669.000  0.000234057  8.15766e-05
      672.000   0.00120533  0.000361174
      675.000   0.00346264  0.000393729
      678.000   0.00444527 -9.45727e-06
      681.000   0.00297333  0.000618075
      684.000   0.00179874  0.000594000
      687.000   0.00274082  0.000822727
      690.000   0.00365280  0.000970023
      693.000   0.00359330   0.00107109
      696.000   0.00158780  0.000684983
      699.000  0.000209527  0.000112360
      702.000  1.09665e-05  5.89428e-06
      705.000  2.60930e-05  1.44766e-05
      708.000  0.000240471  0.000121286
      711.000  0.000823048  0.000410842
      714.000  0.000805841  0.000395810
      717.000  4.97905e-06  3.10043e-06
      720.000 -2.54783e-06 -5.20388e-06
      723.000  1.62212e-07  4.42396e-08
      726.000 -1.40280e-06 -3.12667e-06
      729.000  6.83444e-08  2.78440e-08
      733.000  1.26083e-07  4.53900e-08
      736.000 -2.01997e-06 -4.50804e-06
      739.000  5.41885e-05  3.24384e-05
      742.000   0.00158558  0.000968101
      745.000   0.00378534   0.00215332
      748.000   0.00399314   0.00232217
      751.000   0.00408866   0.00241887
      754.000   0.00433270   0.00260219
      757.000   0.00326208   0.00206263
      760.000   0.00162787   0.00109376
      763.000  0.000479383  0.000340168
      766.000  0.000221251  0.000160976
      769.000  0.000248500  0.000182990
      772.000  0.000123634  9.27782e-05
      775.000  2.47950e-05  1.88585e-05
      778.000  3.61708e-06  2.73115e-06
      781.000  4.25072e-07  2.69212e-07
      784.000  1.79570e-07  1.08312e-07
      787.000  2.07106e-07  1.27668e-07
      790.000  7.69500e-08  5.70000e-08
      793.000  2.29513e-07  1.41239e-07
      796.000  4.38367e-08  3.21469e-08
      802.000  2.94679e-09  2.94679e-09
      805.000  3.87862e-08  3.58026e-08
      808.000  1.58571e-06  1.36771e-06
      811.000  9.09847e-06  7.93430e-06
      814.000  0.000110287  9.70854e-05
      817.000  0.000530377  0.000472959
      821.000   0.00193070   0.00175026
      824.000   0.00246641   0.00226339
      827.000   0.00249807   0.00232433
      830.000   0.00369850   0.00348667
      833.000   0.00300495   0.00288109
      836.000  4.63024e-05  4.43066e-05
      839.000  1.92649e-08  1.92649e-08
      842.000  2.25520e-08  2.25520e-08
      845.000  9.50266e-07  9.27408e-07
      848.000  1.09123e-05  1.07876e-05
      851.000  7.33380e-06  7.32007e-06
      854.000  1.31961e-08  1.31961e-08
      857.000      0.00000      0.00000
      860.000      0.00000      0.00000
      863.000      0.00000      0.00000
      866.000      0.00000      0.00000
      869.000      0.00000      0.00000
      872.000      0.00000      0.00000
      875.000      0.00000      0.00000
      878.000      0.00000      0.00000
      881.000      0.00000      0.00000
      884.000      0.00000      0.00000
      887.000      0.00000      0.00000
      890.000      0.00000      0.00000
      893.000      0.00000      0.00000
      896.000      0.00000      0.00000
      899.000      0.00000      0.00000
      902.000      0.00000      0.00000
      905.000      0.00000      0.00000
      908.000      0.00000      0.00000
      912.000      0.00000      0.00000
      915.000      0.00000      0.00000
      918.000  9.17577e-08  1.10874e-07
      921.000  3.88928e-06  4.78139e-06
      924.000  8.70394e-05  0.000112569
      927.000  0.000383414  0.000523921
      930.000   0.00182434   0.00270389
      933.000   0.00343172   0.00536934
n_imag = 1e-3
Wavelength (nm), R_diff (r=0.1 micron), R_diff(r=1 micron)
      382.000 -0.000776081  -0.00167121
      383.000 -0.000846660  -0.00177136
      384.000 -0.000924295  -0.00188149
      385.000  -0.00100596  -0.00199422
      386.000  -0.00114022  -0.00219445
      387.000  -0.00123946  -0.00232958
      388.000  -0.00147588  -0.00268939
      389.000  -0.00158340  -0.00282620
      390.000  -0.00173976  -0.00303339
      391.000  -0.00196066  -0.00333534
      392.000  -0.00220763  -0.00367047
      393.000  -0.00259763  -0.00420559
      394.000  -0.00277883  -0.00442870
      395.000  -0.00284861  -0.00447554
      396.000  -0.00307662  -0.00475792
      397.000  -0.00340377  -0.00516369
      398.000  -0.00345738  -0.00519107
      399.000  -0.00360482  -0.00534062
      400.000  -0.00391736  -0.00571247
      401.000  -0.00417946  -0.00602061
      402.000  -0.00443027  -0.00630077
      403.000  -0.00474711  -0.00667124
      404.000  -0.00532407  -0.00736803
      405.000  -0.00569064  -0.00779411
      406.000  -0.00615519  -0.00833582
      407.000  -0.00673631  -0.00900627
      408.000  -0.00717939  -0.00950613
      409.000  -0.00790208   -0.0103334
      410.000  -0.00847977   -0.0109903
      411.000  -0.00903164   -0.0116015
      412.000  -0.00960030   -0.0122207
      413.000   -0.0102208   -0.0129149
      414.000   -0.0106236   -0.0133344
      415.000   -0.0110092   -0.0137325
      416.000   -0.0121788   -0.0150561
      417.000   -0.0129696   -0.0159329
      418.000   -0.0139988   -0.0170651
      419.000   -0.0147328   -0.0178720
      420.000   -0.0158982   -0.0191608
      421.000   -0.0169052   -0.0202506
      422.000   -0.0182663   -0.0217384
      423.000   -0.0198430   -0.0234508
      424.000   -0.0209918   -0.0247018
      425.000   -0.0223064   -0.0261145
      426.000   -0.0236769   -0.0276089
      427.000   -0.0252844   -0.0293498
      428.000   -0.0269823   -0.0311837
      429.000   -0.0290068   -0.0333736
      430.000   -0.0316021   -0.0361818
      431.000   -0.0332614   -0.0379676
      432.000   -0.0336103   -0.0383273
      433.000   -0.0347848   -0.0395790
      434.000   -0.0364745   -0.0414087
      435.000   -0.0370003   -0.0420061
      436.000   -0.0373775   -0.0424306
      437.000   -0.0387300   -0.0438991
      438.000   -0.0125025   -0.0165661
      439.000   -0.0129749   -0.0171108
      440.000   -0.0119266   -0.0158772
      441.000   -0.0111650   -0.0149313
      442.000   -0.0118513   -0.0158071
      443.000   -0.0138350   -0.0181982
      444.000   -0.0150452   -0.0196812
      445.000   -0.0151667   -0.0199314
      446.000   -0.0150724   -0.0198652
      447.000   -0.0153578   -0.0202303
      448.000   -0.0153634   -0.0203119
      449.000   -0.0157010   -0.0207366
      450.000   -0.0156212   -0.0207933
      451.000   -0.0156079   -0.0208539
      452.000   -0.0160498   -0.0214058
      453.000   -0.0165047   -0.0219880
      454.000   -0.0169854   -0.0226044
      455.000   -0.0170616   -0.0227253
      456.000   -0.0171848   -0.0228972
      457.000   -0.0167959   -0.0224775
      458.000   -0.0160565   -0.0216542
      459.000   -0.0155538   -0.0210753
      460.000   -0.0161619   -0.0218312
      461.000   -0.0185380   -0.0246514
      462.000   -0.0207067   -0.0272229
      463.000   -0.0216034   -0.0282763
      464.000   -0.0222621   -0.0291003
      465.000   -0.0224874   -0.0294074
      466.000   -0.0229467   -0.0300052
      467.000   -0.0233838   -0.0305102
      468.000   -0.0247449   -0.0321151
      469.000   -0.0256342   -0.0331705
      470.000   -0.0265014   -0.0342011
      471.000   -0.0268825   -0.0346592
      472.000   -0.0274586   -0.0353807
      473.000   -0.0280445   -0.0361019
      474.000   -0.0286403   -0.0367990
      475.000   -0.0293238   -0.0376330
      476.000   -0.0288751   -0.0371609
      477.000   -0.0285962   -0.0368942
      478.000   -0.0264528   -0.0344401
      479.000   -0.0251348   -0.0329700
      480.000   -0.0234650   -0.0310642
      481.000   -0.0212923   -0.0285080
      482.000   -0.0190711   -0.0258650
      483.000   -0.0157199   -0.0217802
      484.000  -0.00996725   -0.0145176
      485.000  -0.00593683  -0.00919878
      486.000  -0.00481677  -0.00770138
      487.000   -0.0124892   -0.0177899
      488.000   -0.0237490   -0.0316470
      489.000   -0.0380028   -0.0483914
      490.000   -0.0431648   -0.0541743
      491.000   -0.0457464   -0.0571154
      492.000   -0.0482469   -0.0600069
      493.000   -0.0496569   -0.0616432
      494.000   -0.0504552   -0.0625494
      495.000   -0.0625414   -0.0758705
      496.000   -0.0621627   -0.0756148
      497.000   -0.0605925   -0.0740462
      498.000   -0.0612465   -0.0749940
      499.000   -0.0575875   -0.0710240
      500.000   -0.0559487   -0.0693811
      501.000   -0.0537080   -0.0670347
      502.000   -0.0500559   -0.0630630
      503.000   -0.0475464   -0.0602700
      504.000   -0.0435395   -0.0557596
      505.000   -0.0381528   -0.0495991
      506.000   -0.0336393   -0.0443716
      507.000   -0.0283572   -0.0381282
      508.000   -0.0216803   -0.0300414
      509.000   -0.0182363   -0.0257831
      510.000   -0.0175997   -0.0249890
      511.000   -0.0204300   -0.0286056
      512.000   -0.0287404   -0.0389749
      513.000   -0.0385525   -0.0508051
      514.000   -0.0493624   -0.0633857
      515.000   -0.0542328   -0.0690182
      516.000   -0.0557084   -0.0708028
      517.000   -0.0550558   -0.0702133
      518.000   -0.0494094   -0.0639464
      519.000   -0.0452536   -0.0592728
      520.000   -0.0399148   -0.0531836
      521.000   -0.0336162   -0.0458692
      522.000   -0.0319515   -0.0439275
      523.000   -0.0320631   -0.0441784
      524.000   -0.0335559   -0.0461356
      525.000   -0.0369466   -0.0503285
      526.000   -0.0412778   -0.0555261
      527.000   -0.0428512   -0.0575178
      528.000   -0.0439365   -0.0588259
      529.000   -0.0424685   -0.0571855
      530.000   -0.0396276   -0.0538879
      531.000   -0.0355898   -0.0490732
      532.000   -0.0302134   -0.0424844
      533.000   -0.0238137   -0.0345819
      534.000   -0.0188931   -0.0282701
      535.000   -0.0131703   -0.0208530
      536.000  -0.00791567   -0.0136701
      537.000  -0.00435194  -0.00838087
      538.000  -0.00206587  -0.00468318
      539.000 -0.000996900  -0.00270773
      540.000 -0.000479839  -0.00151090
      541.000 -0.000278590 -0.000816637
      542.000 -0.000198445 -0.000472659
      543.000 -0.000195835 -0.000422203
      544.000 -0.000178608 -0.000546929
      545.000 -0.000343813  -0.00138864
      546.000  -0.00243674  -0.00558652
      547.000   -0.0103619   -0.0177278
      548.000   -0.0235214   -0.0355217
      549.000   -0.0355026   -0.0507487
      550.000   -0.0418327   -0.0585014
      551.000   -0.0438141   -0.0609281
      554.000   -0.0382497   -0.0545072
      557.000   -0.0318009   -0.0467974
      560.000   -0.0342318   -0.0500010
      563.000   -0.0305470   -0.0455201
      566.000   -0.0212637   -0.0336010
      569.000   -0.0107485   -0.0191487
      572.000  -0.00464323   -0.0100246
      575.000 -0.000895749  -0.00344285
      578.000  -0.00154642  -0.00480369
      605.000  -0.00741589   -0.0161171
      608.000  -0.00118476  -0.00517445
      611.000  0.000333243  -0.00103288
      614.000 -3.69527e-05 -7.36056e-05
      617.000 -5.03582e-05 -6.35667e-05
      620.000 -6.97504e-05 -8.76413e-05
      623.000 -0.000109088 -0.000142793
      626.000  0.000324582 -0.000826060
      629.000  -0.00343297   -0.0101921
      632.000  -0.00783982   -0.0178814
      635.000  -0.00703990   -0.0168701
      638.000  -0.00429573   -0.0124173
      642.000 -0.000645367  -0.00532078
      645.000 -0.000654458  -0.00556780
      648.000 -1.29819e-06  -0.00410195
      651.000  0.000598373  -0.00201255
      654.000  0.000589035  -0.00116623
      657.000  0.000370455 -0.000384207
      660.000  0.000305500 -0.000199179
      663.000  0.000177816 -6.46839e-05
      666.000  6.85178e-05 -5.91155e-05
      669.000  0.000139481 -2.95966e-05
      672.000  0.000622928 -0.000352209
      675.000  0.000761133  -0.00303242
      678.000  0.000109253  -0.00557453
      681.000  0.000993354  -0.00189868
      684.000  0.000919910 -0.000505845
      687.000   0.00123430  -0.00109084
      690.000   0.00139025  -0.00193189
      693.000   0.00149829  -0.00161707
      696.000  0.000977005 -8.44977e-05
      699.000  0.000160445  5.27499e-05
      702.000  8.38838e-06  2.78367e-06
      705.000  2.03820e-05  7.64557e-06
      708.000  0.000165030  2.95409e-05
      711.000  0.000542730  6.15932e-05
      714.000  0.000510720  3.00305e-05
      717.000  4.13874e-06  2.07662e-06
      720.000 -7.89927e-06 -1.14653e-05
      723.000  6.88171e-08 -7.86482e-08
      726.000 -4.69988e-06 -6.98931e-06
      729.000  4.30317e-08      0.00000
      733.000  6.05200e-08 -3.53034e-08
      736.000 -6.75697e-06 -1.00998e-05
      739.000  3.87995e-05  1.35471e-05
      742.000   0.00111079  0.000353168
      745.000   0.00227276  0.000161139
      748.000   0.00240944  0.000227754
      751.000   0.00246545  0.000267130
      754.000   0.00259588  0.000291904
      757.000   0.00209884  0.000518645
      760.000   0.00115621  0.000472903
      763.000  0.000372909  0.000201755
      766.000  0.000177556  0.000104374
      769.000  0.000199548  0.000119385
      772.000  0.000101254  6.37431e-05
      775.000  2.06821e-05  1.35281e-05
      778.000  2.98508e-06  1.91857e-06
      781.000  2.86215e-07  9.06821e-08
      784.000  1.11162e-07  1.99522e-08
      787.000  1.36179e-07  3.12078e-08
      790.000  6.27000e-08  4.27500e-08
      793.000  1.50066e-07  3.53097e-08
      796.000  3.21469e-08  1.16898e-08
      802.000  2.94679e-09  2.94679e-09
      805.000  3.58026e-08  2.98355e-08
      808.000  1.38563e-06  1.09596e-06
      811.000  7.80893e-06  6.19102e-06
      814.000  9.12620e-05  7.11191e-05
      817.000  0.000417431  0.000316822
      821.000   0.00138520  0.000982881
      824.000   0.00169192   0.00116530
      827.000   0.00168082   0.00115962
      830.000   0.00236451   0.00157388
      833.000   0.00201721   0.00146373
      836.000  3.81605e-05  3.28153e-05
      839.000  1.60541e-08  1.60541e-08
      842.000  1.93303e-08  1.93303e-08
      845.000  8.26177e-07  7.47804e-07
      848.000  9.33326e-06  8.53552e-06
      851.000  6.31112e-06  5.82723e-06
      854.000  9.42575e-09  9.42575e-09
      857.000      0.00000      0.00000
      860.000      0.00000      0.00000
      863.000      0.00000      0.00000
      866.000      0.00000      0.00000
      869.000      0.00000      0.00000
      872.000      0.00000      0.00000
      875.000      0.00000      0.00000
      878.000      0.00000      0.00000
      881.000      0.00000      0.00000
      884.000      0.00000      0.00000
      887.000      0.00000      0.00000
      890.000      0.00000      0.00000
      893.000      0.00000      0.00000
      896.000      0.00000      0.00000
      899.000      0.00000      0.00000
      902.000      0.00000      0.00000
      905.000      0.00000      0.00000
      908.000      0.00000      0.00000
      912.000      0.00000      0.00000
      915.000      0.00000      0.00000
      918.000  8.21996e-08  9.36693e-08
      921.000  3.34149e-06  3.90884e-06
      924.000  7.07909e-05  8.69076e-05
      927.000  0.000291020  0.000377097
      930.000   0.00119426   0.00169458
      933.000   0.00194642   0.00297967
