         459  ! Number of wavelengths
wavelength (nm), 60S difference (reflectivity), NDS-2018 difference (reflectivity)
      475.000   -0.0353821   -0.0387400
      476.000   -0.0352530   -0.0361720
      477.000   -0.0546796   -0.0423744
      478.000   -0.0138694  -0.00909832
      479.000      0.00000   -0.0102540
      480.000      0.00000   -0.0114226
      481.000  -0.00776076   -0.0125350
      482.000   -0.0288143   -0.0290544
      483.000   -0.0144083   -0.0222447
      484.000   -0.0127228   -0.0209740
      485.000  -0.00928164   -0.0182219
      486.000   -0.0249333   -0.0229168
      487.000   -0.0259308   -0.0190986
      488.000   -0.0362453   -0.0469365
      489.000   -0.0291215   -0.0563635
      490.000   -0.0449141   -0.0610468
      491.000   -0.0437848   -0.0625110
      492.000   -0.0450977   -0.0634334
      493.000   -0.0583410   -0.0576466
      494.000   -0.0755008   -0.0461178
      495.000   -0.0473875   -0.0390670
      496.000   -0.0359901   -0.0385345
      497.000   -0.0344378   -0.0399614
      498.000   -0.0349947   -0.0429583
      499.000   -0.0356609   -0.0494747
      500.000   -0.0396069   -0.0545543
      501.000   -0.0405636   -0.0570940
      502.000   -0.0356660   -0.0536707
      503.000   -0.0310144   -0.0479738
      504.000   -0.0291186   -0.0429128
      505.000   -0.0344250   -0.0386676
      506.000   -0.0243325   -0.0383678
      507.000   -0.0143843   -0.0362213
      508.000   -0.0102887   -0.0308992
      509.000   -0.0116366   -0.0302249
      510.000   -0.0181895   -0.0354516
      511.000   -0.0273355   -0.0387152
      512.000   -0.0322762   -0.0428671
      513.000   -0.0355524   -0.0487854
      514.000   -0.0451669   -0.0547918
      515.000   -0.0461858   -0.0602857
      516.000   -0.0402286   -0.0564751
      517.000   -0.0289977   -0.0430633
      518.000   -0.0465000   -0.0504834
      519.000   -0.0417539   -0.0476905
      520.000   -0.0350813   -0.0422727
      521.000   -0.0319514   -0.0394188
      522.000   -0.0288908   -0.0433282
      523.000   -0.0310971   -0.0506841
      524.000   -0.0411357   -0.0509866
      525.000   -0.0368703   -0.0442529
      526.000   -0.0403134   -0.0457890
      527.000   -0.0350446   -0.0397511
      528.000   -0.0489439   -0.0499695
      529.000   -0.0451399   -0.0469502
      530.000   -0.0446909   -0.0440581
      531.000   -0.0376821   -0.0416098
      532.000   -0.0288936   -0.0409737
      533.000   -0.0257760   -0.0403397
      534.000   -0.0216635   -0.0338795
      535.000   -0.0173401   -0.0282196
      536.000  -0.00906521   -0.0251851
      537.000  -0.00290751   -0.0223316
      538.000   0.00104967   -0.0206212
      539.000   0.00502518   -0.0171597
      540.000   0.00401610   -0.0124834
      541.000   0.00438717   -0.0119988
      542.000   0.00612473  -0.00881793
      543.000   0.00205222   -0.0101115
      544.000  -0.00339684   -0.0159739
      545.000   -0.0119282   -0.0224380
      546.000   -0.0232079   -0.0253396
      547.000   -0.0377337   -0.0317784
      548.000   -0.0502781   -0.0386737
      549.000   -0.0577412   -0.0391333
      550.000   -0.0571699   -0.0378487
      551.000   -0.0566775   -0.0360280
      552.000   -0.0556362   -0.0300176
      553.000   -0.0472619   -0.0244100
      554.000   -0.0532064   -0.0255661
      555.000   -0.0409326   -0.0271902
      556.000   -0.0333779   -0.0305954
      557.000   -0.0423773   -0.0338789
      558.000   -0.0532486   -0.0340627
      559.000   -0.0535163   -0.0384508
      560.000   -0.0519928   -0.0391995
      561.000   -0.0477269   -0.0262315
      562.000   -0.0483242   -0.0172102
      563.000   -0.0407814   -0.0226962
      564.000   -0.0381393   -0.0239190
      565.000   -0.0367918   -0.0228288
      566.000   -0.0356186   -0.0226570
      567.000   -0.0272287   -0.0185929
      568.000   -0.0197225   -0.0180109
      569.000   -0.0156044   -0.0165542
      570.000   -0.0149227   -0.0147689
      571.000   -0.0172868   -0.0188948
      572.000   -0.0169218   -0.0202963
      573.000   -0.0127503   -0.0181139
      574.000  -0.00609207   -0.0141543
      575.000  -0.00390336   -0.0170685
      576.000  -0.00609368   -0.0182339
      577.000  -0.00692794   -0.0150873
      578.000  -0.00368726   -0.0137816
      579.000  -0.00103033  -0.00362321
      580.000      0.00000          NaN
      581.000      0.00000          NaN
      582.000      0.00000          NaN
      583.000      0.00000          NaN
      584.000      0.00000          NaN
      585.000      0.00000          NaN
      586.000      0.00000          NaN
      587.000      0.00000          NaN
      588.000      0.00000          NaN
      589.000      0.00000          NaN
      590.000      0.00000          NaN
      591.000      0.00000          NaN
      592.000      0.00000          NaN
      593.000      0.00000          NaN
      594.000      0.00000          NaN
      595.000      0.00000          NaN
      596.000      0.00000          NaN
      597.000      0.00000          NaN
      598.000      0.00000          NaN
      599.000      0.00000          NaN
      600.000      0.00000          NaN
      601.000      0.00000          NaN
      602.000      0.00000          NaN
      603.000   -0.0608388    0.0648995
      604.000   -0.0295771   -0.0125767
      605.000   -0.0199605   -0.0122102
      606.000   -0.0169412   -0.0116760
      607.000   -0.0145776  -0.00981162
      608.000   -0.0114808   -0.0100719
      609.000  -0.00931334   -0.0132039
      610.000  -0.00714731   -0.0123181
      611.000  -0.00288743  -0.00721057
      612.000   0.00135222  -0.00483255
      613.000   0.00487235  -0.00259762
      614.000   0.00421683  -0.00239779
      615.000   0.00339028  -0.00378186
      616.000   0.00290918  -0.00310741
      617.000   0.00466654 -0.000834398
      618.000   0.00440235 -0.000401095
      619.000   0.00296065  -0.00373202
      620.000   0.00233837  -0.00549739
      621.000   0.00301439  -0.00488131
      622.000   0.00138135  -0.00455093
      623.000 -0.000408411  -0.00458576
      624.000  -0.00318481  -0.00513592
      625.000  -0.00839457  -0.00436418
      626.000   -0.0124626  -0.00440448
      627.000   -0.0151989  -0.00475035
      628.000   -0.0203828  -0.00737908
      629.000   -0.0294833  -0.00581222
      630.000   -0.0283592  -0.00301563
      631.000   -0.0230978 -0.000934423
      632.000   -0.0217206  -0.00176496
      633.000   -0.0216989  -0.00574649
      634.000   -0.0196549  -0.00901244
      635.000   -0.0204642  -0.00859919
      636.000   -0.0215840  -0.00708178
      637.000   -0.0217587  -0.00838783
      638.000   -0.0166121  -0.00647381
      639.000   -0.0145573  -0.00410336
      640.000   -0.0146648  -0.00378275
      641.000   -0.0158476  -0.00374222
      642.000   -0.0165097  -0.00530478
      643.000   -0.0161754  -0.00766590
      644.000   -0.0138415  -0.00674536
      645.000   -0.0131991  -0.00604203
      646.000   -0.0150803  -0.00795403
      647.000   -0.0142405  -0.00781289
      648.000   -0.0117429  -0.00681385
      649.000   -0.0106297  -0.00479776
      650.000   -0.0102688  -0.00387922
      651.000  -0.00801262  -0.00671489
      652.000  -0.00741491  -0.00828206
      653.000  -0.00694057  -0.00543453
      654.000  -0.00555715  -0.00302362
      655.000  -0.00215611  0.000164375
      656.000  -0.00191388  -0.00273992
      657.000  -0.00365838  -0.00495035
      658.000  -0.00181442  -0.00303072
      659.000  -0.00123116  0.000218659
      660.000  0.000333428   0.00225380
      661.000   0.00264582   0.00293437
      662.000   0.00332747  -0.00129768
      663.000   0.00396997  -0.00314480
      664.000   0.00301874  -0.00117473
      665.000   0.00101602   0.00123388
      666.000  0.000804856   0.00121703
      667.000   0.00101002  0.000250741
      668.000  0.000909194  0.000465088
      669.000  0.000305206   0.00176641
      670.000  0.000183523   0.00324159
      671.000  -0.00211155   0.00183358
      672.000  -0.00294885  -0.00177951
      673.000  -0.00418875  -0.00356364
      674.000  -0.00796646  -0.00647030
      675.000   -0.0103630   -0.0100067
      676.000   -0.0114138   -0.0104901
      677.000   -0.0125000  -0.00881592
      678.000   -0.0126104   -0.0102416
      679.000   -0.0100082   -0.0129976
      680.000  -0.00639993   -0.0107392
      681.000  -0.00414419  -0.00727049
      682.000  -0.00311008  -0.00324165
      683.000  -0.00144950 -0.000118494
      684.000  -0.00107017   0.00122043
      685.000  -0.00200862  -0.00106096
      686.000  -0.00239125  -0.00437492
      687.000  -0.00323221  -0.00459040
      688.000  -0.00568894  -0.00370029
      689.000  -0.00827155  -0.00261154
      690.000  -0.00890881 -0.000383735
      691.000  -0.00865585  -0.00105177
      692.000  -0.00675619  -0.00400878
      693.000  -0.00510681  -0.00408803
      694.000  -0.00260097  -0.00122900
      695.000  0.000234425  -0.00251674
      696.000   0.00155252  -0.00392299
      697.000   0.00365074  -0.00164486
      698.000   0.00555333  0.000117935
      699.000   0.00579220  0.000627131
      700.000   0.00524042   0.00150311
      701.000   0.00392874   0.00276238
      702.000   0.00293630   0.00315248
      703.000   0.00273117   0.00318948
      704.000   0.00276916   0.00447456
      705.000   0.00227012   0.00326014
      706.000   0.00175194   0.00267598
      707.000   0.00200352   0.00488798
      708.000   0.00234798   0.00331229
      709.000   0.00127369 -1.06245e-05
      710.000 -0.000701949 -0.000390306
      711.000  -0.00152084   0.00219663
      712.000  -0.00167947   0.00270146
      713.000  -0.00169852   0.00225777
      714.000 -0.000944793  0.000670583
      715.000  0.000694618  0.000251324
      716.000   0.00239120  0.000380390
      717.000   0.00284145  0.000555888
      718.000   0.00309864  0.000142898
      719.000   0.00360112  0.000140924
      720.000   0.00277050 -0.000563521
      721.000   0.00181703 -0.000244758
      722.000   0.00237612   0.00112309
      723.000   0.00260275   0.00161029
      724.000   0.00286120  0.000379081
      725.000   0.00260689 -0.000592203
      726.000   0.00260760 -0.000915739
      727.000   0.00265674 -0.000866890
      728.000   0.00211952 -0.000224061
      729.000   0.00242995  0.000829644
      730.000   0.00240605  0.000164982
      731.000   0.00210661 -0.000465457
      732.000   0.00222703 -0.000967118
      733.000   0.00227064 -0.000547212
      734.000   0.00187765  0.000578151
      735.000   0.00243881   0.00118009
      736.000   0.00268833   0.00195786
      737.000   0.00106952   0.00218510
      738.000 -0.000371814   0.00202817
      739.000  -0.00132227   0.00282952
      740.000  -0.00251751   0.00261827
      741.000  -0.00416799   0.00184616
      742.000  -0.00581250  0.000354752
      743.000  -0.00569600  -0.00184847
      744.000  -0.00515077  -0.00236841
      745.000  -0.00730836 -0.000961096
      746.000  -0.00732803  -0.00123133
      747.000  -0.00725862  -0.00408942
      748.000  -0.00613791  -0.00500274
      749.000  -0.00505850  -0.00459284
      750.000  -0.00544262  -0.00363327
      751.000  -0.00619891  -0.00221388
      752.000  -0.00883958  -0.00164469
      753.000   -0.0101545  -0.00282928
      754.000  -0.00956693  -0.00284729
      755.000  -0.00636238  -0.00209093
      756.000  -0.00409541  -0.00312962
      757.000  -0.00356013  -0.00396934
      758.000 -0.000348806  -0.00306491
      759.000   0.00759551 -0.000858544
      760.000   0.00316241  0.000980512
      761.000  -0.00454439 -0.000111185
      762.000  -0.00391158 -0.000635251
      763.000  0.000290632  0.000388048
      764.000  -0.00163317  0.000467159
      765.000  -0.00157022   0.00199142
      766.000  -0.00119062   0.00543200
      767.000 -0.000217795   0.00191116
      768.000  0.000643939 -0.000912859
      769.000  0.000117317  -0.00144272
      770.000 -0.000846028  0.000255317
      771.000 -0.000666440  0.000709742
      772.000  0.000190921  7.29411e-06
      773.000  0.000882111   0.00106166
      774.000   0.00200716   0.00299609
      775.000   0.00125598   0.00148053
      776.000   0.00106298 -0.000302184
      777.000   0.00166847 -0.000434023
      778.000   0.00171643  0.000221152
      779.000   0.00224450  0.000612147
      780.000   0.00240663  0.000428531
      781.000   0.00224675 -0.000273568
      782.000   0.00234009 -0.000286155
      783.000   0.00192749  0.000838436
      784.000   0.00164651   0.00232315
      785.000   0.00208066  0.000186402
      786.000   0.00166872 -0.000662979
      787.000   0.00190641  -0.00109635
      788.000   0.00170117  -0.00153938
      789.000  0.000775337  -0.00173484
      790.000   0.00164091 -0.000368774
      791.000   0.00277789  0.000770002
      792.000   0.00298890  0.000588906
      793.000   0.00254533 -0.000288898
      794.000   0.00212404 -0.000614420
      795.000  0.000874180  -0.00118049
      796.000   0.00127761  -0.00271100
      797.000   0.00130261  -0.00178925
      798.000   0.00111528 -0.000577341
      799.000   0.00122221 -0.000368970
      800.000  0.000932731 -0.000766951
      801.000  0.000719570  -0.00108192
      802.000  0.000904128 -0.000588022
      803.000   0.00140687  0.000168625
      804.000   0.00140116  0.000920200
      805.000   0.00188927   0.00139197
      806.000   0.00110080  0.000925969
      807.000   0.00187942  0.000600940
      808.000   0.00180952  0.000184447
      809.000   0.00151692  0.000773069
      810.000   0.00120221   0.00201979
      811.000  0.000603490   0.00294672
      812.000 -0.000125594   0.00640776
      813.000  -0.00154999   0.00507666
      814.000  -0.00224559   0.00397416
      815.000  -0.00298233   0.00449275
      816.000  -0.00367621   0.00754437
      817.000  -0.00543442    0.0161932
      818.000  -0.00499618   0.00498271
      819.000  -0.00555636   0.00225640
      820.000  -0.00576675   0.00193704
      821.000  -0.00629364   0.00100197
      822.000  -0.00687464 -0.000565305
      823.000  -0.00671147 -0.000735299
      824.000  -0.00597572  0.000173427
      825.000  -0.00679880  0.000726930
      826.000  -0.00937231   0.00246471
      827.000   -0.0100156   0.00514919
      828.000   -0.0131093   0.00206988
      829.000   -0.0162679 -0.000294805
      830.000   -0.0142793  -0.00108547
      831.000   -0.0101075  -0.00216065
      832.000  -0.00524297 -0.000993610
      833.000  -0.00108486  3.25589e-05
      834.000  -0.00418422 -0.000260741
      835.000  -0.00272436  0.000502731
      836.000 -0.000393569  0.000663012
      837.000  0.000600137  0.000602167
      838.000  0.000182897  0.000700814
      839.000  0.000326704  0.000925410
      840.000   0.00112211   0.00159462
      841.000   0.00137500   0.00126034
      842.000  0.000783358  0.000623471
      843.000  0.000915289  6.26184e-05
      844.000   0.00127386 -0.000218103
      845.000  0.000637293 -9.02378e-05
      846.000  3.01898e-05  0.000968586
      847.000  0.000192940   0.00167251
      848.000  0.000550874   0.00172992
      849.000 -0.000217788   0.00149200
      850.000 -1.34110e-05   0.00252259
      851.000  0.000689074   0.00173544
      852.000   0.00127620  0.000636026
      853.000   0.00170584  0.000988901
      854.000   0.00205718  0.000902603
      855.000   0.00186559  0.000734022
      856.000   0.00128637   0.00261605
      857.000   0.00109154   0.00149987
      858.000  0.000847084  0.000215577
      859.000  0.000785891   0.00163647
      860.000  0.000941385   0.00227425
      861.000  0.000996200  0.000897107
      862.000   0.00104369  8.80974e-05
      863.000  0.000821164 -0.000178691
      864.000  0.000585634  0.000482497
      865.000  0.000345437   0.00268038
      866.000  0.000380272   0.00106189
      867.000  0.000752110 -0.000223529
      868.000  0.000717087 -0.000713719
      869.000  0.000820639  -0.00118024
      870.000  0.000876006  -0.00119285
      871.000   0.00102046 -0.000759306
      872.000   0.00121044 -0.000636379
      873.000   0.00123075 -0.000728597
      874.000   0.00108590 -0.000355124
      875.000  0.000772715  0.000304095
      876.000  0.000970703  0.000841217
      877.000   0.00116044 -6.69473e-05
      878.000   0.00112539  -0.00115163
      879.000  0.000782477 -0.000399539
      880.000  0.000862943   0.00136694
      881.000   0.00138108   0.00124251
      882.000   0.00155824   0.00100716
      883.000   0.00116900  0.000853726
      884.000  0.000874342  0.000431159
      885.000  0.000893462  0.000175807
      886.000  0.000800496  0.000328027
      887.000  0.000533224  2.27215e-05
      888.000  0.000463864  0.000270593
      889.000  0.000642300  0.000972739
      890.000  0.000704782  0.000430996
      891.000  0.000569876 -0.000694011
      892.000  0.000541056 -0.000444023
      893.000  0.000486029 -0.000111881
      894.000  0.000630114 -0.000293178
      895.000  0.000752920 -0.000751783
      896.000   0.00101857 -0.000471339
      897.000  0.000805050  0.000101444
      898.000  0.000692341  9.97540e-06
      899.000  0.000698857  0.000853587
      900.000  0.000661226  0.000879780
      901.000  0.000602189  0.000342893
      902.000  0.000845989 -0.000249912
      903.000  0.000971608 -0.000486326
      904.000  0.000980545 -0.000410819
      905.000   0.00100416 -0.000596604
      906.000  0.000991296 -0.000560706
      907.000  0.000471797 -0.000435436
      908.000 -0.000170030 -0.000686690
      909.000  0.000276048  -0.00145239
      910.000  0.000876483  -0.00138819
      911.000   0.00110953  0.000215318
      912.000  0.000407761   0.00103094
      913.000  0.000690486  0.000430515
      914.000   0.00106045 -0.000544325
      915.000  0.000593077 -0.000861211
      916.000 -0.000221450  -0.00147113
      917.000 -0.000439990 -0.000689844
      918.000 -0.000283223  0.000313714
      919.000 -0.000222445   0.00106895
      920.000 -0.000713218 -5.66243e-06
      921.000  -0.00177190 -0.000423789
      922.000  -0.00149572 -0.000508805
      923.000  -0.00169891 -0.000870033
      924.000  -0.00196069  -0.00106155
      925.000  -0.00206242  0.000949201
      926.000  -0.00214931   0.00246199
      927.000  -0.00222731   0.00281100
      928.000 -0.000710413   0.00112111
      929.000  0.000501037  -0.00138066
      930.000   0.00111902   0.00174691
      931.000  -0.00227219   0.00396963
      932.000  -0.00383934   0.00242221
      933.000  -0.00525260   0.00222690
wavelength (nm), 20S difference (reflectivity), DBS-2019 difference (reflectivity)
      475.000    0.0237916   -0.0376250
      476.000    0.0168835   -0.0428652
      477.000    0.0182416   -0.0474674
      478.000  0.000994295  -0.00681918
      479.000      0.00000  -0.00729548
      480.000      0.00000  -0.00778034
      481.000  -0.00102586  -0.00822753
      482.000  -0.00889832  -0.00902116
      483.000   -0.0192637  -0.00518078
      484.000   -0.0298090   -0.0131750
      485.000   -0.0330162   -0.0184084
      486.000   -0.0208542   -0.0215059
      487.000   0.00255132   -0.0120319
      488.000    0.0181614   -0.0163465
      489.000    0.0192467 -0.000886500
      490.000    0.0142789   -0.0294415
      491.000   0.00667906   -0.0287665
      492.000   0.00583971   -0.0244544
      493.000   0.00854754   -0.0197423
      494.000   0.00988197   -0.0239819
      495.000    0.0131097   -0.0243603
      496.000    0.0142046   -0.0230385
      497.000   0.00802642   -0.0188488
      498.000   0.00577611  -0.00985073
      499.000   0.00349557  -0.00789875
      500.000  -0.00342995  -0.00873148
      501.000  -0.00807518   -0.0154730
      502.000  -0.00685549   -0.0166846
      503.000  -0.00927669  -0.00889040
      504.000   -0.0118595   0.00146455
      505.000   -0.0134611   0.00539839
      506.000   -0.0173113   0.00417286
      507.000   -0.0231190 -0.000791669
      508.000   -0.0270912  -0.00136286
      509.000   -0.0272879   0.00132841
      510.000   -0.0210032  -0.00384132
      511.000   -0.0115615  -0.00452822
      512.000  -0.00598043  -0.00711416
      513.000  -0.00214338   -0.0197333
      514.000  5.78165e-05   -0.0195310
      515.000  -0.00340176  -0.00748444
      516.000   -0.0102043  -0.00502003
      517.000  -0.00951481  -0.00344467
      518.000   -0.0170658    0.0107348
      519.000   -0.0123482   0.00891787
      520.000   -0.0133973   0.00814306
      521.000   -0.0170025    0.0103916
      522.000   -0.0175772   0.00982982
      523.000   -0.0123155   0.00305712
      524.000  -0.00610924    0.0115916
      525.000  -0.00553727   0.00741833
      526.000  -0.00795949   0.00112963
      527.000  0.000813842  -0.00776666
      528.000   0.00149006  -0.00775355
      529.000 -0.000728548  -0.00125313
      530.000  -0.00453073   0.00254101
      531.000   -0.0134186 -0.000269771
      532.000   -0.0204290  -0.00300162
      533.000   -0.0207626  -0.00642252
      534.000   -0.0219702   -0.0125651
      535.000   -0.0252413   -0.0119819
      536.000   -0.0300282  -0.00173164
      537.000   -0.0337980   0.00893634
      538.000   -0.0355363    0.0135122
      539.000   -0.0389519 -0.000537157
      540.000   -0.0437836  -0.00593603
      541.000   -0.0415698  -0.00667161
      542.000   -0.0405871  -0.00414962
      543.000   -0.0365657   0.00146538
      544.000   -0.0275200   0.00901448
      545.000   -0.0153076   0.00187010
      546.000  -0.00739676   0.00438538
      547.000  0.000480473    0.0104468
      548.000   0.00613952    0.0148939
      549.000   0.00679332    0.0140779
      550.000   0.00571102    0.0129754
      551.000   0.00555998    0.0137459
      552.000   0.00403345    0.0109699
      553.000   0.00189227   0.00417721
      554.000 -0.000222087   0.00730502
      555.000 -0.000701606   0.00763655
      556.000  0.000219703   0.00502860
      557.000  0.000459850   0.00633043
      558.000  0.000712335   0.00634164
      559.000   0.00307781   0.00610835
      560.000   0.00437498  0.000410140
      561.000   0.00462204   0.00140518
      562.000   0.00475132   0.00868344
      563.000   0.00353760   0.00274807
      564.000 -0.000715673   0.00174046
      565.000  -0.00434333   0.00905830
      566.000  -0.00626135    0.0122060
      567.000  -0.00745928   0.00258223
      568.000  -0.00863791  -0.00212008
      569.000  -0.00950176  7.33733e-05
      570.000   -0.0103980   0.00482342
      571.000   -0.0103814   0.00816905
      572.000   -0.0110580   0.00475838
      573.000   -0.0150098   0.00337454
      574.000   -0.0167880   0.00250104
      575.000   -0.0160099 -0.000746340
      576.000   -0.0148822  -0.00149050
      577.000   -0.0157575  -0.00273650
      578.000   -0.0171216  -0.00335885
      579.000   -0.0134348  -0.00551110
      580.000      0.00000          NaN
      581.000      0.00000          NaN
      582.000      0.00000          NaN
      583.000      0.00000          NaN
      584.000      0.00000          NaN
      585.000      0.00000          NaN
      586.000      0.00000          NaN
      587.000      0.00000          NaN
      588.000      0.00000          NaN
      589.000      0.00000          NaN
      590.000      0.00000          NaN
      591.000      0.00000          NaN
      592.000      0.00000          NaN
      593.000      0.00000          NaN
      594.000      0.00000          NaN
      595.000      0.00000          NaN
      596.000      0.00000          NaN
      597.000      0.00000          NaN
      598.000      0.00000          NaN
      599.000      0.00000          NaN
      600.000      0.00000          NaN
      601.000      0.00000          NaN
      602.000      0.00000          NaN
      603.000   0.00437987    0.0499555
      604.000   0.00977898    0.0103849
      605.000   0.00431746   0.00629931
      606.000   0.00160757   0.00747541
      607.000  -0.00137934   0.00729773
      608.000  -0.00320750   0.00289444
      609.000  -0.00331655   0.00171888
      610.000  -0.00457183   0.00545949
      611.000  -0.00771904   0.00164671
      612.000   -0.0116052  -0.00294703
      613.000   -0.0140934  -0.00226141
      614.000   -0.0145015  0.000432551
      615.000   -0.0139177  0.000763938
      616.000   -0.0140666 -0.000166453
      617.000   -0.0139070  -0.00153739
      618.000   -0.0130977  -0.00216083
      619.000   -0.0118702  -0.00234360
      620.000   -0.0119022  -0.00138386
      621.000   -0.0124403  -0.00141584
      622.000   -0.0111630  -0.00198885
      623.000  -0.00886382 -0.000514685
      624.000  -0.00560161  0.000742196
      625.000  -0.00167108 -0.000798628
      626.000   0.00188819  0.000586509
      627.000   0.00498542   0.00658644
      628.000   0.00929791    0.0112797
      629.000    0.0122412    0.0143053
      630.000    0.0112253    0.0127835
      631.000   0.00858235   0.00828024
      632.000   0.00745285   0.00917885
      633.000   0.00640231    0.0119636
      634.000   0.00673503    0.0112041
      635.000   0.00662595   0.00907119
      636.000   0.00538087   0.00745270
      637.000   0.00434369    0.0109334
      638.000   0.00261846    0.0141723
      639.000   0.00137407    0.0132758
      640.000  0.000626922   0.00851504
      641.000 -0.000396252  0.000706583
      642.000 -0.000312686   0.00600436
      643.000  0.000882685    0.0149652
      644.000   0.00212291    0.0123255
      645.000   0.00203124   0.00933329
      646.000   0.00155416   0.00948166
      647.000  0.000362188    0.0108358
      648.000  -0.00225481    0.0114869
      649.000  -0.00239161   0.00704760
      650.000 -0.000783443   0.00529087
      651.000 -0.000513166    0.0109988
      652.000  -0.00265950    0.0101599
      653.000  -0.00482956   0.00637449
      654.000  -0.00722101  0.000797986
      655.000  -0.00864613  -0.00138266
      656.000  -0.00980085  -0.00241432
      657.000  -0.00697304   0.00348381
      658.000  -0.00631011    0.0134248
      659.000  -0.00759663   0.00886157
      660.000  -0.00687705   0.00504234
      661.000  -0.00674455  0.000995189
      662.000  -0.00822966  -0.00208981
      663.000  -0.00862131  -0.00292636
      664.000  -0.00856689  -0.00216054
      665.000  -0.00937220  -0.00153746
      666.000  -0.00947253  -0.00110755
      667.000  -0.00870495 -0.000742630
      668.000  -0.00758365   0.00116582
      669.000  -0.00635518   0.00567390
      670.000  -0.00434412    0.0106639
      671.000  -0.00148238   0.00565234
      672.000 -0.000287697  0.000631377
      673.000   0.00104499   0.00236711
      674.000   0.00491378    0.0142066
      675.000   0.00699228    0.0158696
      676.000   0.00733665    0.0177683
      677.000   0.00612435    0.0180599
      678.000   0.00411910    0.0154295
      679.000  0.000989437    0.0122522
      680.000 -0.000752479    0.0147035
      681.000  -0.00208119    0.0110558
      682.000  -0.00478375   0.00460918
      683.000  -0.00391726   0.00148286
      684.000  3.58671e-05   0.00748507
      685.000 -0.000566334   0.00679551
      686.000  -0.00113720   0.00513792
      687.000  0.000936508   0.00873200
      688.000   0.00259811    0.0111535
      689.000   0.00427791    0.0137426
      690.000   0.00469598    0.0135956
      691.000   0.00396258    0.0147182
      692.000   0.00339800    0.0150471
      693.000   0.00188938    0.0129660
      694.000 -0.000281364    0.0141516
      695.000  -0.00299005   0.00610832
      696.000  -0.00424714  0.000688060
      697.000  -0.00380756 -0.000343130
      698.000  -0.00465833 -0.000239574
      699.000  -0.00654236  -0.00150401
      700.000  -0.00712264  -0.00365908
      701.000  -0.00756638  -0.00287628
      702.000  -0.00733046  0.000710756
      703.000  -0.00709674   0.00200075
      704.000  -0.00608532   0.00204358
      705.000  -0.00416755   0.00141468
      706.000  -0.00347230 -0.000487513
      707.000  -0.00269270  -0.00128698
      708.000  -0.00175564  -0.00267926
      709.000  -0.00134149  -0.00306783
      710.000  -0.00117034  -0.00244739
      711.000  -0.00113781 -5.50597e-05
      712.000  -0.00119153   0.00351603
      713.000 -0.000388056  -0.00151967
      714.000  -0.00237778  -0.00277435
      715.000  -0.00610715  -0.00173173
      716.000  -0.00814535  0.000225865
      717.000  -0.00787826  0.000183433
      718.000  -0.00701617  -0.00120201
      719.000  -0.00588479  -0.00151106
      720.000  -0.00520885 -0.000529286
      721.000  -0.00451692   0.00214372
      722.000  -0.00494390  -0.00102129
      723.000  -0.00506503  -0.00167897
      724.000  -0.00457342  -0.00131757
      725.000  -0.00401302 -0.000939656
      726.000  -0.00395022  -0.00166541
      727.000  -0.00409684  -0.00244540
      728.000  -0.00358623  -0.00207219
      729.000  -0.00384224 -0.000671610
      730.000  -0.00400054 -0.000916608
      731.000  -0.00393118  -0.00250286
      732.000  -0.00389775  -0.00239732
      733.000  -0.00391887  -0.00143884
      734.000  -0.00391680  -0.00117111
      735.000  -0.00404927  -0.00196212
      736.000  -0.00420715  -0.00216984
      737.000  -0.00384471  -0.00101688
      738.000  -0.00252561 -0.000912328
      739.000 -0.000108771  0.000303707
      740.000   0.00221086   0.00158903
      741.000   0.00486313   0.00399606
      742.000   0.00790918   0.00826244
      743.000   0.00918370    0.0132426
      744.000   0.00954717    0.0293343
      745.000   0.00921649    0.0288507
      746.000   0.00854185    0.0202544
      747.000   0.00832337    0.0107739
      748.000   0.00808191    0.0118757
      749.000   0.00755346    0.0166711
      750.000   0.00904450    0.0244240
      751.000   0.00970888    0.0249905
      752.000    0.0106120    0.0221823
      753.000    0.0119396    0.0282794
      754.000    0.0101870    0.0399916
      755.000   0.00757903    0.0248891
      756.000   0.00650558    0.0145686
      757.000   0.00441642   0.00928637
      758.000  4.52548e-05   0.00647547
      759.000  -0.00993034   0.00930887
      760.000   -0.0111114    0.0183963
      761.000  -0.00225139   0.00804875
      762.000 -0.000717908   0.00263939
      763.000  -0.00260594 -0.000957660
      764.000 -0.000238396  -0.00252946
      765.000 -0.000334851  0.000785195
      766.000 -0.000983834   0.00555998
      767.000  -0.00205100   0.00159492
      768.000 -0.000768982   0.00186652
      769.000 -0.000727214   0.00187840
      770.000  -0.00135430   0.00104048
      771.000  -0.00228626 -0.000712425
      772.000  -0.00320817  -0.00204444
      773.000  -0.00329152  -0.00275363
      774.000  -0.00265660 -0.000898720
      775.000  -0.00308605  0.000420812
      776.000  -0.00322674 -0.000362214
      777.000  -0.00340651 -0.000513193
      778.000  -0.00341870 -0.000587418
      779.000  -0.00369659  -0.00132230
      780.000  -0.00364701 -0.000514522
      781.000  -0.00320299  0.000220187
      782.000  -0.00297341 -0.000480835
      783.000  -0.00283817 -0.000492435
      784.000  -0.00301300  0.000801726
      785.000  -0.00309215  8.81068e-05
      786.000  -0.00331857 -6.37062e-05
      787.000  -0.00324378 -0.000196099
      788.000  -0.00299595  8.06079e-05
      789.000  -0.00278500   0.00108763
      790.000  -0.00313547   0.00113434
      791.000  -0.00324992  0.000511509
      792.000  -0.00321688 -0.000442616
      793.000  -0.00297711 -0.000851693
      794.000  -0.00260006 -0.000669281
      795.000  -0.00141907 -0.000534905
      796.000  -0.00213889 -0.000660091
      797.000  -0.00219050 -0.000776601
      798.000  -0.00223249 -0.000894915
      799.000  -0.00213841 -0.000939949
      800.000  -0.00206316  -0.00201453
      801.000  -0.00202245  -0.00262877
      802.000  -0.00209232  -0.00166459
      803.000  -0.00222740 -0.000218287
      804.000  -0.00227503  0.000658543
      805.000  -0.00256481   0.00211250
      806.000  -0.00210589  0.000506896
      807.000  -0.00199226  -0.00168231
      808.000  -0.00197915  -0.00181038
      809.000  -0.00179572  0.000139005
      810.000  -0.00149051   0.00117889
      811.000 -0.000528913  0.000204649
      812.000  0.000212163 -0.000460132
      813.000   0.00112217  -0.00109678
      814.000   0.00207505  -0.00121561
      815.000   0.00323627  0.000237651
      816.000   0.00483467   0.00246335
      817.000   0.00733945   0.00520113
      818.000   0.00932771   0.00985501
      819.000    0.0111203    0.0143183
      820.000    0.0113336   0.00877271
      821.000    0.0118302   0.00718357
      822.000    0.0125785   0.00899261
      823.000    0.0132881    0.0129074
      824.000    0.0130098    0.0185366
      825.000    0.0131693    0.0216010
      826.000    0.0144988    0.0200050
      827.000    0.0167038    0.0246876
      828.000    0.0191174    0.0384438
      829.000    0.0188095    0.0578276
      830.000    0.0177122    0.0752911
      831.000    0.0170914    0.0578540
      832.000    0.0132630    0.0332308
      833.000   0.00590472    0.0210659
      834.000  0.000983328    0.0152324
      835.000  -0.00164769   0.00480086
      836.000  -0.00257406  0.000233520
      837.000  -0.00251854 -0.000685866
      838.000  -0.00211658 -0.000667870
      839.000  -0.00191262  -0.00113309
      840.000  -0.00201236  -0.00130455
      841.000  -0.00161171  -0.00140919
      842.000  -0.00121650  -0.00165005
      843.000  -0.00169366 -0.000673712
      844.000  -0.00125780  8.74922e-05
      845.000 -0.000429209 -0.000597533
      846.000 -0.000674289  -0.00120519
      847.000  -0.00106513 -0.000614982
      848.000 -0.000761770   0.00425749
      849.000 -0.000587523   0.00865223
      850.000 -0.000765167    0.0108610
      851.000  -0.00114944   0.00451856
      852.000  -0.00167425 -0.000636203
      853.000  -0.00209766  -0.00127970
      854.000  -0.00212186  -0.00140222
      855.000  -0.00182866 -0.000269366
      856.000  -0.00159437 -0.000169722
      857.000  -0.00143235 -0.000932273
      858.000  -0.00118618  0.000167392
      859.000 -0.000960739 -0.000401419
      860.000 -0.000803526 -6.24825e-05
      861.000 -0.000767520  0.000206411
      862.000 -0.000851963 -0.000829316
      863.000 -0.000797978 -0.000912657
      864.000 -0.000618262  0.000342719
      865.000 -0.000778023   0.00187064
      866.000 -0.000790585   0.00279879
      867.000 -0.000544487   0.00145507
      868.000 -0.000493765   0.00159263
      869.000 -0.000612168   0.00293370
      870.000 -0.000719296   0.00126781
      871.000 -0.000779072  -0.00106051
      872.000 -0.000876853  -0.00189569
      873.000  -0.00110568  -0.00140960
      874.000  -0.00111704 -0.000794882
      875.000  -0.00131448 -0.000810209
      876.000  -0.00138465 -0.000238905
      877.000  -0.00121749 -0.000451137
      878.000  -0.00117309  0.000188483
      879.000  -0.00130663  0.000139028
      880.000  -0.00113682  0.000553497
      881.000 -0.000807088  0.000375205
      882.000 -0.000595694  0.000315450
      883.000 -0.000360034  0.000260900
      884.000 -0.000125127  5.54631e-05
      885.000 -0.000181016 -0.000538841
      886.000 -0.000165237  -0.00111197
      887.000 -6.27209e-05 -0.000698823
      888.000 -3.28012e-05 -0.000164229
      889.000 -0.000133917  2.88012e-05
      890.000 -0.000131074  9.18516e-05
      891.000 -4.78663e-05  0.000708518
      892.000 -0.000157980  0.000670112
      893.000 -0.000163607  4.95687e-05
      894.000 -0.000175556 -0.000275684
      895.000 -9.53451e-05 -0.000298640
      896.000 -7.97752e-05 -0.000361570
      897.000 -3.05343e-05 -0.000678863
      898.000 -4.87342e-05 -0.000577831
      899.000 -7.47982e-05 -0.000817354
      900.000  5.95581e-05 -0.000789577
      901.000 -1.37910e-05 -7.46270e-06
      902.000 -0.000100175  0.000903592
      903.000 -8.62591e-05   0.00138180
      904.000 -0.000154145   0.00282549
      905.000 -0.000461126  0.000640251
      906.000 -0.000744883 -0.000346927
      907.000 -0.000558523 -0.000291761
      908.000 -0.000357959  0.000328190
      909.000 -0.000139598  1.58716e-05
      910.000 -0.000550319 -0.000587598
      911.000 -0.000323556  -0.00123148
      912.000  0.000418600  -0.00147357
      913.000  0.000727206 -0.000997313
      914.000  0.000454064 -0.000760483
      915.000  0.000151441 -0.000785970
      916.000  5.33052e-05 -0.000772782
      917.000  0.000171982 -0.000194996
      918.000 -2.21990e-05 -2.63807e-05
      919.000  0.000251535   0.00349893
      920.000 -0.000497241  3.51538e-05
      921.000 -0.000457197  3.20971e-05
      922.000 -0.000138093  0.000404731
      923.000  0.000387870  0.000197407
      924.000  0.000466704 -0.000717096
      925.000  0.000203840  -0.00137531
      926.000  0.000456192 -0.000457880
      927.000   0.00201899   0.00154443
      928.000   0.00397593   0.00411982
      929.000   0.00558944   0.00869592
      930.000   0.00509290    0.0140469
      931.000   0.00276750   0.00913066
      932.000   0.00159565    0.0102350
      933.000   0.00189587    0.0140063
