       8  ! Number of wavelengths
n_imag spectra for Aerosol-1 particles and additional particles
Wavelength (nm), nimag(ref), nimag1, nimag2, nimag3, nimag4, nimag5
      300.000    0.0115860  5.00000e-05  0.000500000   0.00100000   0.00200000
   0.00500000
      400.000   0.00180040  5.00000e-05  0.000500000   0.00100000   0.00200000
   0.00500000
      500.000  5.68250e-05  5.00000e-05  0.000500000   0.00100000   0.00200000
   0.00500000
      600.000  0.000380960  5.00000e-05  0.000500000   0.00100000   0.00200000
   0.00500000
      700.000   0.00514030  5.00000e-05  0.000500000   0.00100000   0.00200000
   0.00500000
      800.000   0.00953190  5.00000e-05  0.000500000   0.00100000   0.00200000
   0.00500000
      900.000  0.000633620  5.00000e-05  0.000500000   0.00100000   0.00200000
   0.00500000
      1000.00  0.000900370  5.00000e-05  0.000500000   0.00100000   0.00200000
   0.00500000
