      25   ! number of latitudes
500 nm
Latitude (graphic), SSA(mean), SSA(mean-error), SSA(mean+error)
     -90.0000     0.995930     0.995620     0.996218
     -85.1677     0.995758     0.995470     0.996027
     -80.3306     0.996436     0.996188     0.996668
     -75.4840     0.996392     0.996131     0.996636
     -70.6232     0.995217     0.994754     0.995640
     -65.7442     0.992342     0.991652     0.992978
     -60.8434     0.990959     0.990167     0.991691
     -55.9176     0.995623     0.995053     0.996129
     -50.9644     0.996609     0.996074     0.997072
     -45.9822     0.996700     0.996223     0.997118
     -40.9702     0.997261     0.996885     0.997591
     -35.9284     0.997913     0.997496     0.998260
     -30.8580     0.998056     0.997824     0.998264
     -25.7608     0.998198     0.997989     0.998386
     -20.6398     0.998085     0.997875     0.998274
     -15.4985     0.998163     0.997941     0.998361
     -10.3415     0.998372     0.998119     0.998592
     -5.17350     0.998341     0.998093     0.998558
      0.00000     0.998173     0.997894     0.998416
      5.17350     0.997195     0.996618     0.997675
      10.3415     0.994861     0.994010     0.995595
      15.4985     0.988478     0.987615     0.989287
      20.6398     0.989103     0.988336     0.989832
      25.7608     0.988502     0.987720     0.989246
      30.8580     0.987288     0.986359     0.988168
800 nm
Latitude (graphic), SSA(mean), SSA(mean-error), SSA(mean+error)
     -90.0000     0.917041     0.910127     0.923468
     -85.1677     0.896237     0.888464     0.903527
     -80.3306     0.884146     0.877258     0.890695
     -75.4840     0.894762     0.887615     0.901505
     -70.6232     0.911616     0.900989     0.921201
     -65.7442     0.894972     0.881208     0.907309
     -60.8434     0.871295     0.851083     0.889119
     -55.9176     0.856919     0.831736     0.878881
     -50.9644     0.850747     0.830769     0.868738
     -45.9822     0.872209     0.850291     0.891327
     -40.9702     0.835719     0.819799     0.850488
     -35.9284     0.811679     0.792804     0.829205
     -30.8580     0.797057     0.782577     0.810807
     -25.7608     0.814268     0.800481     0.827307
     -20.6398     0.819094     0.804563     0.832768
     -15.4985     0.771157     0.752247     0.789029
     -10.3415     0.743616     0.725528     0.760907
     -5.17350     0.727981     0.706023     0.748884
      0.00000     0.727533     0.704810     0.749134
      5.17350     0.694054     0.662162     0.724200
      10.3415     0.680824     0.643054     0.716375
      15.4985     0.657242     0.619234     0.693359
      20.6398     0.727070     0.700603     0.752030
      25.7608     0.731113     0.705933     0.754890
      30.8580     0.736656     0.707745     0.763666
