      25  ! nlat
tau1
Latitude(graphic), value, fractional error, a priori
     -90.0000      3.57590    0.0907515      1.00000
     -85.1677      3.00040    0.0703743      1.00000
     -80.3306      3.20310    0.0686197      1.00000
     -75.4840      3.48690    0.0727057      1.00000
     -70.6232      2.18880    0.0743779      1.00000
     -65.7442      1.08920    0.0872769      1.00000
     -60.8434     0.920650    0.0913570      1.00000
     -55.9176      1.32860    0.0718580      1.00000
     -50.9644      1.68540    0.0669407      1.00000
     -45.9822      2.08270    0.0698921      1.00000
     -40.9702      2.29200    0.0697942      1.00000
     -35.9284      2.51320    0.0685875      1.00000
     -30.8580      3.23280    0.0701173      1.00000
     -25.7608      4.39100    0.0896591      1.00000
     -20.6398      4.67240     0.100323      1.00000
     -15.4985      4.20380    0.0918715      1.00000
     -10.3415      3.64470    0.0886138      1.00000
     -5.17350      3.65380    0.0911919      1.00000
      0.00000      3.30410    0.0883792      1.00000
      5.17350      2.29950    0.0777947      1.00000
      10.3415      1.37250    0.0751916      1.00000
      15.4985     0.559100     0.132302      1.00000
      20.6398     0.964000    0.0941479      1.00000
      25.7608     0.859230    0.0913368      1.00000
      30.8580     0.654840     0.105537      1.00000
tau2
Latitude(graphic), value, fractional error, a priori
     -90.0000      3.75770    0.0280521      2.57700
     -85.1677      3.03580    0.0303414      2.57700
     -80.3306      2.58340    0.0341614      2.57700
     -75.4840      2.72350    0.0322723      2.57700
     -70.6232      3.29990    0.0272531      2.57700
     -65.7442      3.35670    0.0259774      2.57700
     -60.8434      2.93490    0.0279509      2.57700
     -55.9176      2.22190    0.0340884      2.57700
     -50.9644      2.02040    0.0355144      2.57700
     -45.9822      2.17710    0.0335327      2.57700
     -40.9702      2.08410    0.0351327      2.57700
     -35.9284      1.69920    0.0421195      2.57700
     -30.8580      1.44750    0.0488492      2.57700
     -25.7608      1.66910    0.0461626      2.57700
     -20.6398      1.84190    0.0445482      2.57700
     -15.4985      1.59310    0.0521415      2.57700
     -10.3415      1.38250    0.0631993      2.57700
     -5.17350      1.49520    0.0601096      2.57700
      0.00000      1.64520    0.0533904      2.57700
      5.17350      1.73740    0.0482516      2.57700
      10.3415      1.96520    0.0412211      2.57700
      15.4985      2.19090    0.0402905      2.57700
      20.6398      2.73970    0.0451970      2.57700
      25.7608      2.69450    0.0442556      2.57700
      30.8580      2.61350    0.0420191      2.57700
tau3
Latitude(graphic), value, fractional error, a priori
     -90.0000    0.0336460    0.0610688    0.0456000
     -85.1677    0.0353220    0.0599882    0.0456000
     -80.3306    0.0339700    0.0631103    0.0456000
     -75.4840    0.0268720    0.0782716    0.0456000
     -70.6232    0.0242910    0.0842378    0.0456000
     -65.7442    0.0295150    0.0697711    0.0456000
     -60.8434    0.0316150    0.0658612    0.0456000
     -55.9176    0.0284800    0.0746736    0.0456000
     -50.9644    0.0235830    0.0927940    0.0456000
     -45.9822    0.0207660     0.105886    0.0456000
     -40.9702    0.0200580     0.110266    0.0456000
     -35.9284    0.0226580     0.100898    0.0456000
     -30.8580    0.0220840     0.105104    0.0456000
     -25.7608    0.0199350     0.112468    0.0456000
     -20.6398    0.0197970     0.109213    0.0456000
     -15.4985    0.0222280    0.0969934    0.0456000
     -10.3415    0.0251590    0.0860636    0.0456000
     -5.17350    0.0293890    0.0735658    0.0456000
      0.00000    0.0279770    0.0772751    0.0456000
      5.17350    0.0201630     0.104196    0.0456000
      10.3415    0.0164520     0.120591    0.0456000
      15.4985    0.0172730     0.111035    0.0456000
      20.6398    0.0215310    0.0833731    0.0456000
      25.7608    0.0242040    0.0760161    0.0456000
      30.8580    0.0285730    0.0665241    0.0456000
ch4 (%)
Latitude(graphic), value, fractional error, a priori
     -90.0000      3.13240    0.0459557      4.00000
     -85.1677      2.52900    0.0337606      4.00000
     -80.3306      2.30990    0.0365780      4.00000
     -75.4840      2.42700    0.0374626      4.00000
     -70.6232      2.94530    0.0455740      4.00000
     -65.7442      2.84430    0.0492775      4.00000
     -60.8434      2.74670    0.0486540      4.00000
     -55.9176      2.87420    0.0463827      4.00000
     -50.9644      3.04370    0.0458542      4.00000
     -45.9822      3.51630    0.0483001      4.00000
     -40.9702      3.56540    0.0476306      4.00000
     -35.9284      3.70850    0.0467789      4.00000
     -30.8580      4.14720    0.0396023      4.00000
     -25.7608      5.42540    0.0441928      4.00000
     -20.6398      6.68840    0.0495539      4.00000
     -15.4985      6.79040    0.0488402      4.00000
     -10.3415      6.51100    0.0601145      4.00000
     -5.17350      6.53180    0.0615326      4.00000
      0.00000      6.47740    0.0625592      4.00000
      5.17350      6.14890    0.0613423      4.00000
      10.3415      5.62810    0.0495731      4.00000
      15.4985      4.85210    0.0633841      4.00000
      20.6398      5.06020    0.0578830      4.00000
      25.7608      4.29890    0.0429016      4.00000
      30.8580      3.37120    0.0399969      4.00000
p2 (bar)
Latitude(graphic), value, fractional error, a priori
     -90.0000      2.47020    0.0181400      2.00000
     -85.1677      2.51000    0.0233173      2.00000
     -80.3306      2.48570    0.0231482      2.00000
     -75.4840      2.43450    0.0204784      2.00000
     -70.6232      2.39990    0.0175277      2.00000
     -65.7442      2.44400    0.0199885      2.00000
     -60.8434      2.44210    0.0216081      2.00000
     -55.9176      2.29690    0.0203743      2.00000
     -50.9644      2.16830    0.0182518      2.00000
     -45.9822      2.13830    0.0152135      2.00000
     -40.9702      2.12010    0.0152413      2.00000
     -35.9284      2.05580    0.0163839      2.00000
     -30.8580      2.01360    0.0178929      2.00000
     -25.7608      2.07070    0.0155627      2.00000
     -20.6398      2.13550    0.0145733      2.00000
     -15.4985      2.14520    0.0168238      2.00000
     -10.3415      2.14810    0.0201126      2.00000
     -5.17350      2.16710    0.0193870      2.00000
      0.00000      2.16360    0.0175964      2.00000
      5.17350      2.19800    0.0169834      2.00000
      10.3415      2.30710    0.0214001      2.00000
      15.4985      2.53760    0.0285323      2.00000
      20.6398      2.87600    0.0240162      2.00000
      25.7608      2.88230    0.0258280      2.00000
      30.8580      2.91520    0.0267261      2.00000
chisq/(ny-nx)
Latitude(graphic), chi2/(ny-nx)
     -90.0000      2.22809
     -85.1677      2.05481
     -80.3306      2.53883
     -75.4840      2.59358
     -70.6232      1.55678
     -65.7442      1.44583
     -60.8434      1.24038
     -55.9176      1.19687
     -50.9644      1.26763
     -45.9822      1.04863
     -40.9702     0.949880
     -35.9284      1.03520
     -30.8580     0.963536
     -25.7608     0.903238
     -20.6398     0.925997
     -15.4985     0.694264
     -10.3415     0.584597
     -5.17350     0.629755
      0.00000     0.629865
      5.17350     0.646456
      10.3415     0.706170
      15.4985     0.905734
      20.6398     0.896591
      25.7608     0.928028
      30.8580      1.00065
551 nm
Latitude(graphic), reconstructed (I/F)_0, recon. (I/F)_0 error, NEMESIS-fitted (I/F)_0
     -90.0000     0.761590    0.0197753     0.783604
     -85.1677     0.769606    0.0197753     0.784326
     -80.3306     0.779040    0.0197753     0.793422
     -75.4840     0.777978    0.0197753     0.797085
     -70.6232     0.730246    0.0197753     0.763346
     -65.7442     0.683256    0.0197753     0.727101
     -60.8434     0.692705    0.0197753     0.720586
     -55.9176     0.735555    0.0197753     0.738359
     -50.9644     0.753820    0.0197753     0.751547
     -45.9822     0.750150    0.0197753     0.760064
     -40.9702     0.754665    0.0197753     0.766101
     -35.9284     0.765373    0.0197753     0.771987
     -30.8580     0.784641    0.0197753     0.785925
     -25.7608     0.794422    0.0197753     0.794266
     -20.6398     0.788534    0.0197753     0.789434
     -15.4985     0.785003    0.0197753     0.784288
     -10.3415     0.782679    0.0197753     0.777975
     -5.17350     0.781558    0.0197753     0.776433
      0.00000     0.781242    0.0197753     0.769918
      5.17350     0.768299    0.0197753     0.749093
      10.3415     0.732496    0.0197753     0.718451
      15.4985     0.686045    0.0197753     0.679717
      20.6398     0.737910    0.0197753     0.702740
      25.7608     0.736021    0.0197753     0.702655
      30.8580     0.724512    0.0197753     0.699626
831 nm
Latitude(graphic), reconstructed (I/F)_0, recon. (I/F)_0 error, NEMESIS-fitted (I/F)_0
     -90.0000     0.248295   0.00444988     0.223237
     -85.1677     0.237165   0.00444988     0.212392
     -80.3306     0.233462   0.00444988     0.206809
     -75.4840     0.238363   0.00444988     0.209204
     -70.6232     0.232146   0.00444988     0.211876
     -65.7442     0.219906   0.00444988     0.204003
     -60.8434     0.205209   0.00444988     0.193010
     -55.9176     0.193706   0.00444988     0.183454
     -50.9644     0.193503   0.00444988     0.183089
     -45.9822     0.198195   0.00444988     0.188370
     -40.9702     0.196299   0.00444988     0.187601
     -35.9284     0.187877   0.00444988     0.180938
     -30.8580     0.185060   0.00444988     0.178016
     -25.7608     0.188469   0.00444988     0.181124
     -20.6398     0.187911   0.00444988     0.181120
     -15.4985     0.178058   0.00444988     0.174939
     -10.3415     0.169870   0.00444988     0.170186
     -5.17350     0.171819   0.00444988     0.172675
      0.00000     0.172449   0.00444988     0.174272
      5.17350     0.167573   0.00444988     0.170219
      10.3415     0.165110   0.00444988     0.165619
      15.4985     0.156457   0.00444988     0.156512
      20.6398     0.164960   0.00444988     0.170142
      25.7608     0.167120   0.00444988     0.170406
      30.8580     0.169397   0.00444988     0.168521
860 nm
Latitude(graphic), reconstructed (I/F)_0, recon. (I/F)_0 error, NEMESIS-fitted (I/F)_0
     -90.0000    0.0160364   0.00403211    0.0209687
     -85.1677    0.0169737   0.00403211    0.0211784
     -80.3306    0.0174564   0.00403211    0.0209776
     -75.4840    0.0161218   0.00403211    0.0196476
     -70.6232    0.0156299   0.00403211    0.0192821
     -65.7442    0.0158959   0.00403211    0.0202970
     -60.8434    0.0167925   0.00403211    0.0207309
     -55.9176    0.0170270   0.00403211    0.0201856
     -50.9644    0.0167914   0.00403211    0.0193344
     -45.9822    0.0165289   0.00403211    0.0188943
     -40.9702    0.0167436   0.00403211    0.0188111
     -35.9284    0.0172149   0.00403211    0.0193851
     -30.8580    0.0175580   0.00403211    0.0193226
     -25.7608    0.0172742   0.00403211    0.0189483
     -20.6398    0.0171276   0.00403211    0.0189067
     -15.4985    0.0176420   0.00403211    0.0193706
     -10.3415    0.0178440   0.00403211    0.0199309
     -5.17350    0.0180294   0.00403211    0.0207274
      0.00000    0.0177942   0.00403211    0.0204724
      5.17350    0.0164281   0.00403211    0.0189923
      10.3415    0.0148856   0.00403211    0.0182491
      15.4985    0.0136861   0.00403211    0.0183844
      20.6398    0.0136692   0.00403211    0.0191590
      25.7608    0.0141940   0.00403211    0.0195864
      30.8580    0.0151208   0.00403211    0.0203571
