      25  ! nlat
tau1
Latitude(graphic), value, fractional error, a priori, fixed_tau2_p2
     -90.0000      6.67830     0.186391      1.00000      7.62680
     -85.1677      5.21260     0.140060      1.00000      6.22900
     -80.3306      5.80120     0.138956      1.00000      6.63310
     -75.4840      5.71860     0.139524      1.00000      5.83490
     -70.6232      3.47780     0.116813      1.00000      3.51700
     -65.7442      2.90760     0.133825      1.00000      2.60210
     -60.8434      2.45730     0.164117      1.00000      2.34560
     -55.9176      1.79220     0.118038      1.00000      1.75500
     -50.9644      1.97520     0.102298      1.00000      1.83740
     -45.9822      2.13660     0.116327      1.00000      2.16910
     -40.9702      2.62320     0.110283      1.00000      2.36110
     -35.9284      2.51460     0.109438      1.00000      3.45020
     -30.8580      3.94530     0.133884      1.00000      4.57540
     -25.7608      5.00000     0.157500      1.00000      6.50520
     -20.6398      5.76290     0.192086      1.00000      7.42110
     -15.4985      6.81140     0.274511      1.00000      5.55250
     -10.3415      5.31220     0.170273      1.00000      5.06050
     -5.17350      5.68490     0.212753      1.00000      5.13290
      0.00000      4.87330     0.171908      1.00000      4.77410
      5.17350      3.73080     0.181591      1.00000      3.98860
      10.3415      3.19040     0.232013      1.00000      3.46490
      15.4985      2.93170     0.215831      1.00000      5.38530
      20.6398      5.72390     0.324436      1.00000      3.88590
      25.7608      4.05120     0.240110      1.00000      5.34470
      30.8580      2.17830     0.176785      1.00000      3.81160
tau2
Latitude(graphic), value, fractional error, a priori, fixed_tau2_p2
     -90.0000      1.69210    0.0734674      2.57700      1.75000
     -85.1677      1.12170    0.0873366      2.57700      1.75000
     -80.3306     0.917180    0.0927866      2.57700      1.75000
     -75.4840      1.02050    0.0864229      2.57700      1.75000
     -70.6232      1.77610    0.0689035      2.57700      1.75000
     -65.7442      1.85480    0.0785135      2.57700      1.75000
     -60.8434      1.61920    0.0884555      2.57700      1.75000
     -55.9176      1.60780    0.0632434      2.57700      1.75000
     -50.9644      1.56240    0.0596173      2.57700      1.75000
     -45.9822      1.63270    0.0600726      2.57700      1.75000
     -40.9702      1.67150    0.0565629      2.57700      1.75000
     -35.9284      1.46560    0.0650526      2.57700      1.75000
     -30.8580      1.29750    0.0805296      2.57700      1.75000
     -25.7608      1.47200    0.0718834      2.57700      1.75000
     -20.6398      1.60440    0.0704999      2.57700      1.75000
     -15.4985      1.63060    0.0950667      2.57700      1.75000
     -10.3415      1.53770    0.0788024      2.57700      1.75000
     -5.17350      1.70190    0.0905267      2.57700      1.75000
      0.00000      1.80470    0.0685542      2.57700      1.75000
      5.17350      1.88460    0.0699786      2.57700      1.75000
      10.3415      1.96900    0.0822371      2.57700      1.75000
      15.4985      1.69950    0.0963190      2.57700      1.75000
      20.6398      1.60190     0.131800      2.57700      1.75000
      25.7608      1.53120     0.125179      2.57700      1.75000
      30.8580      1.50190     0.125472      2.57700      1.75000
tau3
Latitude(graphic), value, fractional error, a priori, fixed_tau2_p2
     -90.0000    0.0292850    0.0817642    0.0456000    0.0303460
     -85.1677    0.0306820    0.0846706    0.0456000    0.0304590
     -80.3306    0.0297900    0.0903667    0.0456000    0.0300450
     -75.4840    0.0228850     0.115475    0.0456000    0.0242100
     -70.6232    0.0213340     0.111925    0.0456000    0.0218270
     -65.7442    0.0248600    0.0966918    0.0456000    0.0245360
     -60.8434    0.0274360    0.0906826    0.0456000    0.0274980
     -55.9176    0.0265910    0.0869958    0.0456000    0.0252320
     -50.9644    0.0222410     0.105195    0.0456000    0.0225030
     -45.9822    0.0203600     0.114846    0.0456000    0.0218260
     -40.9702    0.0209950     0.109399    0.0456000    0.0212740
     -35.9284    0.0245300    0.0962065    0.0456000    0.0250220
     -30.8580    0.0239150    0.0995488    0.0456000    0.0244830
     -25.7608    0.0215470     0.108032    0.0456000    0.0209670
     -20.6398    0.0211750     0.106051    0.0456000    0.0188810
     -15.4985    0.0233860    0.0927118    0.0456000    0.0197810
     -10.3415    0.0266900    0.0804880    0.0456000    0.0212800
     -5.17350    0.0305110    0.0697571    0.0456000    0.0250070
      0.00000    0.0288180    0.0748497    0.0456000    0.0274580
      5.17350    0.0206710     0.103363    0.0456000    0.0177160
      10.3415    0.0150030     0.141837    0.0456000    0.0126740
      15.4985    0.0146110     0.145701    0.0456000    0.0102940
      20.6398    0.0150720     0.143821    0.0456000   0.00732510
      25.7608    0.0177500     0.123103    0.0456000    0.0139950
      30.8580    0.0232290    0.0945260    0.0456000    0.0170400
ch4 (%)
Latitude(graphic), value, fractional error, a priori, fixed_tau2_p2
     -90.0000      3.22810    0.0431584      4.00000      3.14320
     -85.1677      2.58970    0.0392355      4.00000      3.00510
     -80.3306      2.48270    0.0376486      4.00000      2.90430
     -75.4840      2.52170    0.0373787      4.00000      2.86240
     -70.6232      2.76910    0.0460239      4.00000      2.64840
     -65.7442      2.83490    0.0518137      4.00000      2.54750
     -60.8434      2.75870    0.0535038      4.00000      2.82130
     -55.9176      2.81360    0.0539988      4.00000      2.93480
     -50.9644      2.95270    0.0508700      4.00000      3.05040
     -45.9822      3.03740    0.0528094      4.00000      3.14920
     -40.9702      3.19570    0.0481924      4.00000      3.13120
     -35.9284      3.21230    0.0458721      4.00000      3.79880
     -30.8580      4.07710    0.0604323      4.00000      4.46680
     -25.7608      5.38620    0.0556782      4.00000      6.38870
     -20.6398      6.90560    0.0647641      4.00000      7.81050
     -15.4985      8.00360     0.110745      4.00000      7.40540
     -10.3415      7.40390    0.0650666      4.00000      7.39010
     -5.17350      7.65170    0.0980953      4.00000      7.41090
      0.00000      7.29960    0.0661989      4.00000      7.39800
      5.17350      7.02320    0.0720653      4.00000      7.41160
      10.3415      7.47370     0.110267      4.00000      7.41260
      15.4985      6.78530    0.0747084      4.00000      8.88990
      20.6398      8.06440     0.117981      4.00000      7.40110
      25.7608      6.27080    0.0878345      4.00000      7.40160
      30.8580      4.11520    0.0666791      4.00000      5.80250
p2 (bar)
Latitude(graphic), value, fractional error, a priori, fixed_tau2_p2
     -90.0000      2.04410    0.0258163      2.00000      2.10000
     -85.1677      1.91180    0.0288911      2.00000      2.10000
     -80.3306      1.83180    0.0272223      2.00000      2.10000
     -75.4840      1.84800    0.0262466      2.00000      2.10000
     -70.6232      2.07470    0.0239901      2.00000      2.10000
     -65.7442      2.09880    0.0261238      2.00000      2.10000
     -60.8434      2.07250    0.0297092      2.00000      2.10000
     -55.9176      2.11370    0.0237558      2.00000      2.10000
     -50.9644      2.05390    0.0216376      2.00000      2.10000
     -45.9822      2.04430    0.0205790      2.00000      2.10000
     -40.9702      2.05480    0.0209840      2.00000      2.10000
     -35.9284      2.04330    0.0234094      2.00000      2.10000
     -30.8580      2.00380    0.0225836      2.00000      2.10000
     -25.7608      2.03960    0.0180751      2.00000      2.10000
     -20.6398      2.08650    0.0164724      2.00000      2.10000
     -15.4985      2.17330    0.0264285      2.00000      2.10000
     -10.3415      2.16460    0.0197243      2.00000      2.10000
     -5.17350      2.23330    0.0235109      2.00000      2.10000
      0.00000      2.17160    0.0175661      2.00000      2.10000
      5.17350      2.18760    0.0199267      2.00000      2.10000
      10.3415      2.27380    0.0217044      2.00000      2.10000
      15.4985      2.25080    0.0303159      2.00000      2.10000
      20.6398      2.25750    0.0315657      2.00000      2.10000
      25.7608      2.24070    0.0325964      2.00000      2.10000
      30.8580      2.29730    0.0416987      2.00000      2.10000
chisq/(ny-nx)
Latitude(graphic), chi2/(ny-nx), chi2/(ny-nx) (fixed Aerosol-1 nimag), chi2/(ny-nx) (fixed_tau2_p2)
     -90.0000      1.28945      2.22809      1.29973
     -85.1677      1.17547      2.05482      1.22783
     -80.3306      1.38183      2.53883      1.54668
     -75.4840      1.37875      2.59358      1.47175
     -70.6232     0.952901      1.55678      1.02107
     -65.7442      1.04859      1.44582      1.05077
     -60.8434      1.02328      1.24038      1.02731
     -55.9176      1.06551      1.19687      1.07601
     -50.9644      1.12287      1.26764      1.14132
     -45.9822     0.877128      1.04864     0.885660
     -40.9702     0.805424     0.949880     0.813185
     -35.9284     0.906824      1.03520     0.926971
     -30.8580     0.836281     0.963536     0.852518
     -25.7608     0.753076     0.903237     0.735039
     -20.6398     0.754044     0.925997     0.773908
     -15.4985     0.543053     0.694264     0.580905
     -10.3415     0.467041     0.584596     0.540906
     -5.17350     0.523036     0.629755     0.571037
      0.00000     0.540877     0.629865     0.573812
      5.17350     0.547151     0.646456     0.594324
      10.3415     0.610658     0.706170     0.658747
      15.4985     0.701121     0.905734     0.823583
      20.6398     0.596464     0.896591     0.714544
      25.7608     0.649766     0.928028     0.741446
      30.8580     0.783868      1.00065     0.886835
551 nm
Latitude(graphic), reconstructed (I/F)_0, recon. (I/F)_0 error, NEMESIS-fitted (I/F)_0, NEMESIS-fitted (I/F)_0 (fixed_tau2_p2)
     -90.0000     0.761590    0.0197753     0.756276     0.754818
     -85.1677     0.769606    0.0197753     0.756707     0.759703
     -80.3306     0.779040    0.0197753     0.760079     0.771694
     -75.4840     0.777978    0.0197753     0.765614     0.768632
     -70.6232     0.730246    0.0197753     0.737243     0.730292
     -65.7442     0.683256    0.0197753     0.700060     0.691542
     -60.8434     0.692705    0.0197753     0.694669     0.697047
     -55.9176     0.735555    0.0197753     0.727457     0.728796
     -50.9644     0.753820    0.0197753     0.744220     0.744973
     -45.9822     0.750150    0.0197753     0.744051     0.744887
     -40.9702     0.754665    0.0197753     0.749800     0.752620
     -35.9284     0.765373    0.0197753     0.757718     0.760432
     -30.8580     0.784641    0.0197753     0.772549     0.777806
     -25.7608     0.794422    0.0197753     0.784967     0.791270
     -20.6398     0.788534    0.0197753     0.782875     0.781150
     -15.4985     0.785003    0.0197753     0.781422     0.780716
     -10.3415     0.782679    0.0197753     0.780534     0.778383
     -5.17350     0.781558    0.0197753     0.780539     0.781494
      0.00000     0.781242    0.0197753     0.779364     0.777322
      5.17350     0.768299    0.0197753     0.762676     0.767723
      10.3415     0.732496    0.0197753     0.733755     0.733636
      15.4985     0.686045    0.0197753     0.688259     0.690756
      20.6398     0.737910    0.0197753     0.726023     0.721548
      25.7608     0.736021    0.0197753     0.724604     0.727695
      30.8580     0.724512    0.0197753     0.720444     0.723756
831 nm
Latitude(graphic), reconstructed (I/F)_0, recon. (I/F)_0 error, NEMESIS-fitted (I/F)_0, NEMESIS-fitted (I/F)_0 (fixed_tau2_p2)
     -90.0000     0.248295   0.00444988     0.246040     0.246799
     -85.1677     0.237165   0.00444988     0.234103     0.232619
     -80.3306     0.233462   0.00444988     0.230286     0.228643
     -75.4840     0.238363   0.00444988     0.235999     0.233032
     -70.6232     0.232146   0.00444988     0.230522     0.230900
     -65.7442     0.219906   0.00444988     0.219687     0.218344
     -60.8434     0.205209   0.00444988     0.205459     0.204485
     -55.9176     0.193706   0.00444988     0.191010     0.190915
     -50.9644     0.193503   0.00444988     0.190683     0.190825
     -45.9822     0.198195   0.00444988     0.198570     0.196234
     -40.9702     0.196299   0.00444988     0.195910     0.196277
     -35.9284     0.187877   0.00444988     0.186735     0.187243
     -30.8580     0.185060   0.00444988     0.184407     0.182423
     -25.7608     0.188469   0.00444988     0.188385     0.187092
     -20.6398     0.187911   0.00444988     0.187801     0.185405
     -15.4985     0.178058   0.00444988     0.176276     0.175673
     -10.3415     0.169870   0.00444988     0.168458     0.166760
     -5.17350     0.171819   0.00444988     0.169720     0.169495
      0.00000     0.172449   0.00444988     0.171608     0.170939
      5.17350     0.167573   0.00444988     0.166601     0.166499
      10.3415     0.165110   0.00444988     0.163357     0.163621
      15.4985     0.156457   0.00444988     0.154802     0.155016
      20.6398     0.164960   0.00444988     0.163933     0.162238
      25.7608     0.167120   0.00444988     0.164815     0.164900
      30.8580     0.169397   0.00444988     0.164497     0.165256
860 nm
Latitude(graphic), reconstructed (I/F)_0, recon. (I/F)_0 error, NEMESIS-fitted (I/F)_0, NEMESIS-fitted (I/F)_0 (fixed_tau2_p2)
     -90.0000    0.0160364   0.00403211    0.0203026    0.0204459
     -85.1677    0.0169737   0.00403211    0.0207065    0.0204909
     -80.3306    0.0174564   0.00403211    0.0208810    0.0204397
     -75.4840    0.0161218   0.00403211    0.0195577    0.0193669
     -70.6232    0.0156299   0.00403211    0.0189048    0.0187864
     -65.7442    0.0158959   0.00403211    0.0195532    0.0193531
     -60.8434    0.0167925   0.00403211    0.0201016    0.0200747
     -55.9176    0.0170270   0.00403211    0.0199159    0.0196642
     -50.9644    0.0167914   0.00403211    0.0191832    0.0191733
     -45.9822    0.0165289   0.00403211    0.0188755    0.0190725
     -40.9702    0.0167436   0.00403211    0.0189960    0.0190107
     -35.9284    0.0172149   0.00403211    0.0196953    0.0197688
     -30.8580    0.0175580   0.00403211    0.0196722    0.0196654
     -25.7608    0.0172742   0.00403211    0.0192860    0.0191336
     -20.6398    0.0171276   0.00403211    0.0192047    0.0188064
     -15.4985    0.0176420   0.00403211    0.0195933    0.0189543
     -10.3415    0.0178440   0.00403211    0.0202088    0.0192530
     -5.17350    0.0180294   0.00403211    0.0209298    0.0199631
      0.00000    0.0177942   0.00403211    0.0206249    0.0204255
      5.17350    0.0164281   0.00403211    0.0190899    0.0185952
      10.3415    0.0148856   0.00403211    0.0180022    0.0176346
      15.4985    0.0136861   0.00403211    0.0179007    0.0172136
      20.6398    0.0136692   0.00403211    0.0179724    0.0165840
      25.7608    0.0141940   0.00403211    0.0184400    0.0178132
      30.8580    0.0151208   0.00403211    0.0193790    0.0183308
