     187   ! Number of wavelengths
lambda(nm), Ref(0), err(0), Ref(61.45), err(61.45), HST(0), HST(61.45)
      482.000     0.623518   0.00988762     0.389152   0.00988762     0.651782     0.447425
      483.000     0.674896   0.00988762     0.458642   0.00988762     0.626225     0.439519
      484.000     0.635163   0.00988762     0.450101   0.00988762     0.569600     0.420318
      485.000     0.579425   0.00988763     0.418613   0.00988763     0.507398     0.399461
      486.000     0.568129   0.00988763     0.410444   0.00988763     0.502768     0.398763
      487.000     0.614030   0.00988763     0.408786   0.00988763     0.581740     0.425388
      488.000     0.723877   0.00988764     0.458520   0.00988764     0.694324     0.458301
      489.000     0.817482   0.00988763     0.501275   0.00988763     0.786148     0.480307
      490.000     0.850656   0.00988762     0.501192   0.00988762     0.834612     0.488413
      491.000     0.855434   0.00988763     0.490281   0.00988763     0.849219     0.491902
      492.000     0.857638   0.00988764     0.484358   0.00988764     0.853961     0.493391
      493.000     0.858169   0.00988763     0.487699   0.00988763     0.847548     0.490278
      494.000     0.850475   0.00988763     0.490386   0.00988763     0.836249     0.484822
      495.000     0.842627   0.00988762     0.482084   0.00988762     0.832914     0.481725
      496.000     0.843422   0.00988762     0.476741   0.00988762     0.836795     0.482021
      497.000     0.844327   0.00988762     0.480269   0.00988762     0.840607     0.483266
      498.000     0.837704   0.00988763     0.481410   0.00988763     0.839296     0.483056
      499.000     0.830881   0.00988763     0.478913   0.00988763     0.831087     0.480765
      500.000     0.819854   0.00988763     0.478345   0.00988763     0.820136     0.478482
      501.000     0.806972   0.00988762     0.478212   0.00988762     0.808984     0.477212
      502.000     0.795592   0.00988764     0.479111   0.00988764     0.791518     0.474181
      503.000     0.777647   0.00988762     0.474149   0.00988762     0.769679     0.470358
      504.000     0.752434   0.00988762     0.467714   0.00988762     0.748116     0.465643
      505.000     0.727344   0.00988763     0.462231   0.00988763     0.721837     0.458179
      506.000     0.699782   0.00988762     0.453909   0.00988762     0.689766     0.449112
      507.000     0.665790   0.00988762     0.443281   0.00988762     0.655898     0.439488
      508.000     0.630112   0.00988763     0.433217   0.00988763     0.619243     0.428043
      509.000     0.598990   0.00988763     0.426263   0.00988763     0.585196     0.417103
      510.000     0.585615   0.00988762     0.420631   0.00988762     0.570295     0.411680
      511.000     0.605688   0.00988763     0.425099   0.00988763     0.593171     0.417419
      512.000     0.657834   0.00988762     0.439472   0.00988762     0.654655     0.433992
      513.000     0.725896   0.00988763     0.457034   0.00988763     0.729278     0.452614
      514.000     0.786127   0.00988763     0.472716   0.00988763     0.788136     0.465610
      515.000     0.815565   0.00988761     0.478945   0.00988761     0.811630     0.469623
      516.000     0.818649   0.00988759     0.474216   0.00988759     0.817158     0.470873
      517.000     0.807322   0.00988763     0.461361   0.00988763     0.810118     0.470581
      518.000     0.796382   0.00988762     0.474544   0.00988762     0.787337     0.465863
      519.000     0.777374   0.00988763     0.479723   0.00988763     0.753862     0.457194
      520.000     0.746733   0.00988764     0.468615   0.00988764     0.721412     0.449452
      521.000     0.718052   0.00988763     0.460835   0.00988763     0.698139     0.444194
      522.000     0.702318   0.00988762     0.456217   0.00988762     0.689295     0.441143
      523.000     0.705955   0.00988762     0.454275   0.00988762     0.692757     0.440964
      524.000     0.723877   0.00988762     0.458653   0.00988762     0.707720     0.442951
      525.000     0.743364   0.00988760     0.457481   0.00988760     0.732838     0.448451
      526.000     0.764917   0.00988762     0.461230   0.00988762     0.760852     0.456276
      527.000     0.781849   0.00988762     0.460130   0.00988762     0.776227     0.461131
      528.000     0.792274   0.00988762     0.470548   0.00988762     0.774222     0.460563
      529.000     0.784824   0.00988764     0.473953   0.00988764     0.764121     0.457528
      530.000     0.765737   0.00988763     0.466643   0.00988763     0.749252     0.453468
      531.000     0.736298   0.00988763     0.457525   0.00988763     0.722458     0.448000
      532.000     0.695980   0.00988763     0.445569   0.00988763     0.685317     0.440832
      533.000     0.657789   0.00988762     0.435970   0.00988762     0.643700     0.431168
      534.000     0.621432   0.00988764     0.426323   0.00988764     0.601751     0.419158
      535.000     0.576840   0.00988763     0.411539   0.00988763     0.555539     0.403740
      536.000     0.521667   0.00988763     0.392790   0.00988763     0.501529     0.384652
      537.000     0.463571   0.00988763     0.371436   0.00988763     0.444900     0.362394
      538.000     0.411797   0.00988763     0.351190   0.00988763     0.395128     0.340498
      539.000     0.368434   0.00988762     0.333401   0.00988762     0.356599     0.321904
      540.000     0.328542   0.00988763     0.316641   0.00988763     0.320670     0.303667
      541.000     0.290990   0.00988763     0.295095   0.00988763     0.282541     0.281951
      542.000     0.256882   0.00988763     0.279159   0.00988763     0.250318     0.262116
      543.000     0.241395   0.00988764     0.272523   0.00988764     0.240077     0.254645
      544.000     0.259228   0.00988763     0.280293   0.00988763     0.258053     0.265211
      545.000     0.315738   0.00988763     0.306349   0.00988763     0.314847     0.297309
      546.000     0.406426   0.00988763     0.346693   0.00988763     0.407292     0.342851
      547.000     0.517082   0.00988763     0.389555   0.00988763     0.523488     0.390871
      548.000     0.626753   0.00988763     0.425088   0.00988763     0.635100     0.430596
      549.000     0.708202   0.00988762     0.448322   0.00988762     0.713856     0.453121
      550.000     0.750844   0.00988762     0.457043   0.00988762     0.756323     0.461715
      551.000     0.768398   0.00988763     0.460814   0.00988763     0.770726     0.463645
      554.000     0.730950   0.00988763     0.443291   0.00988763     0.724094     0.448694
      557.000     0.717305   0.00988762     0.441151   0.00988762     0.680938     0.437398
      560.000     0.721386   0.00988763     0.449068   0.00988763     0.706867     0.442719
      563.000     0.712632   0.00988763     0.443928   0.00988763     0.688136     0.437843
      566.000     0.628585   0.00988763     0.417007   0.00988763     0.605864     0.414214
      569.000     0.523796   0.00988762     0.368427   0.00988762     0.505843     0.377506
      572.000     0.454444   0.00988762     0.343724   0.00988762     0.430988     0.347372
      575.000     0.363227   0.00988763     0.310321   0.00988763     0.345334     0.306456
      578.000     0.369853   0.00988762     0.314206   0.00988762     0.357911     0.311599
      605.000     0.473901   0.00988763     0.351184   0.00988763     0.483689     0.359584
      608.000     0.362489   0.00988762     0.299179   0.00988762     0.346456     0.296679
      611.000     0.264024   0.00988763     0.257639   0.00988763     0.257602     0.249058
      614.000     0.142466   0.00988763     0.188934   0.00988763     0.146301     0.171813
      617.000     0.105722   0.00988763     0.159135   0.00988763     0.111981     0.143028
      620.000    0.0893692   0.00988763     0.134091   0.00988763    0.0942073     0.124799
      623.000     0.118139   0.00988762     0.164442   0.00988762     0.127733     0.155626
      626.000     0.241385   0.00988764     0.233958   0.00988764     0.247455     0.239955
      629.000     0.472656   0.00988762     0.361228   0.00988762     0.399310     0.318623
      632.000     0.496672   0.00988763     0.347556   0.00988763     0.490561     0.356630
      635.000     0.509750   0.00988763     0.353730   0.00988763     0.484865     0.350916
      638.000     0.441958   0.00988762     0.323247   0.00988762     0.433216     0.328790
      642.000     0.349623   0.00988763     0.290762   0.00988763     0.343921     0.287172
      645.000     0.349119   0.00988762     0.292945   0.00988762     0.345101     0.289025
      648.000     0.332114   0.00988763     0.288896   0.00988763     0.327486     0.281477
      651.000     0.292139   0.00988763     0.269112   0.00988763     0.288321     0.259375
      654.000     0.264692   0.00976065     0.253492   0.00976065     0.252832     0.237050
      657.000     0.219478   0.00959728     0.229502   0.00959728     0.209696     0.210659
      660.000     0.183196   0.00943387     0.210415   0.00943387     0.183473     0.192287
      663.000     0.155760   0.00927047     0.188050   0.00927047     0.157570     0.174672
      666.000     0.132863   0.00910707     0.171838   0.00910707     0.137431     0.159100
      669.000     0.133146   0.00894366     0.170139   0.00894366     0.142084     0.161474
      672.000     0.186286   0.00878027     0.188879   0.00878027     0.196764     0.201595
      675.000     0.283003   0.00861687     0.252889   0.00861687     0.292120     0.259772
      678.000     0.360944   0.00845345     0.290109   0.00845345     0.362757     0.297422
      681.000     0.261134   0.00829005     0.240201   0.00829005     0.257437     0.238316
      684.000     0.199917   0.00812664     0.201100   0.00812664     0.207411     0.206555
      687.000     0.239054   0.00796324     0.228094   0.00796324     0.240989     0.227196
      690.000     0.275050   0.00779984     0.247106   0.00779984     0.278721     0.249949
      693.000     0.276839   0.00763644     0.247633   0.00763644     0.276141     0.249243
      696.000     0.195382   0.00747304     0.204708   0.00747304     0.198940     0.198251
      699.000     0.115919   0.00730963     0.148594   0.00730963     0.126532     0.145077
      702.000    0.0763207   0.00716797     0.115621   0.00716797    0.0870585     0.110286
      705.000    0.0823518   0.00703718     0.120802   0.00703718    0.0936602     0.116346
      708.000     0.112575   0.00690640     0.146806   0.00690640     0.124390     0.142583
      711.000     0.146690   0.00677561     0.167467   0.00677561     0.155693     0.167884
      714.000     0.147023   0.00664484     0.171592   0.00664484     0.155951     0.167924
      717.000    0.0730759   0.00651405     0.109481   0.00651405    0.0786511     0.100270
      720.000    0.0436842   0.00638328    0.0772054   0.00638328    0.0498248    0.0687547
      723.000    0.0396365   0.00625248    0.0710296   0.00625248    0.0448819    0.0617154
      726.000    0.0325590   0.00612170    0.0579073   0.00612170    0.0375207    0.0492505
      729.000    0.0325804   0.00599093    0.0581311   0.00599093    0.0378281    0.0511836
      733.000    0.0388357   0.00581654    0.0697337   0.00581654    0.0451629    0.0628308
      736.000    0.0475094   0.00568576    0.0813536   0.00568576    0.0559316    0.0763555
      739.000    0.0760726   0.00555499     0.109452   0.00555499    0.0889579     0.109260
      742.000     0.149837   0.00542419     0.163536   0.00542419     0.166098     0.171578
      745.000     0.214252   0.00529341     0.206406   0.00529341     0.231675     0.213684
      748.000     0.221797   0.00516263     0.207554   0.00516263     0.237292     0.216283
      751.000     0.226593   0.00507545     0.212048   0.00507545     0.244109     0.220329
      754.000     0.233304   0.00507543     0.216539   0.00507543     0.253773     0.227483
      757.000     0.199716   0.00507543     0.183351   0.00507543     0.213273     0.200479
      760.000     0.170181   0.00507544     0.174795   0.00507544     0.160815     0.161605
      763.000     0.111347   0.00507543     0.133329   0.00507543     0.113137     0.123760
      766.000    0.0871099   0.00507543     0.111972   0.00507543    0.0985618     0.112401
      769.000    0.0872804   0.00507543     0.111335   0.00507543     0.100427     0.114491
      772.000    0.0793469   0.00507544    0.0964136   0.00507544    0.0888830     0.102968
      775.000    0.0618876   0.00507543    0.0869602   0.00507543    0.0716209    0.0878717
      778.000    0.0494908   0.00507544    0.0759801   0.00507544    0.0590050    0.0745887
      781.000    0.0360173   0.00507544    0.0612258   0.00507544    0.0446693    0.0587433
      784.000    0.0325922   0.00507543    0.0569262   0.00507543    0.0415104    0.0552554
      787.000    0.0346212   0.00507544    0.0601157   0.00507544    0.0434552    0.0583403
      790.000    0.0366146   0.00507543    0.0614486   0.00507543    0.0447217    0.0590217
      793.000    0.0302997   0.00507545    0.0516305   0.00507545    0.0389719    0.0508186
      796.000    0.0276768   0.00507545    0.0420435   0.00507545    0.0356656    0.0462898
      802.000    0.0298033   0.00251753    0.0500718   0.00251753    0.0379113    0.0512054
      805.000    0.0325865   0.00248727    0.0537050   0.00248727    0.0416231    0.0542889
      808.000    0.0384084   0.00245700    0.0599818   0.00245700    0.0476782    0.0610300
      811.000    0.0438184   0.00242673    0.0632809   0.00242673    0.0545285    0.0654539
      814.000    0.0627799   0.00239646    0.0756922   0.00239646    0.0733374    0.0774148
      817.000    0.0877730   0.00236619    0.0929985   0.00236619    0.0980069    0.0959962
      821.000     0.131489   0.00232584     0.123057   0.00232584     0.145996     0.131809
      824.000     0.147681   0.00229557     0.127476   0.00229557     0.161028     0.135542
      827.000     0.150845   0.00226530     0.124363   0.00226530     0.158525     0.130341
      830.000     0.193028   0.00223503     0.163368   0.00223503     0.201924     0.169134
      833.000     0.165148   0.00220476     0.157001   0.00220476     0.174333     0.160328
      836.000    0.0529472   0.00217449    0.0730892   0.00217449    0.0641520    0.0742563
      839.000    0.0284203   0.00214422    0.0473972   0.00214422    0.0378794    0.0484576
      842.000    0.0266096   0.00211395    0.0459412   0.00211395    0.0348915    0.0442861
      845.000    0.0330293   0.00208369    0.0524398   0.00208369    0.0414026    0.0521207
      848.000    0.0416248   0.00205341    0.0585615   0.00205341    0.0521603    0.0614911
      851.000    0.0404244   0.00203152    0.0581642   0.00203152    0.0497871    0.0600142
      854.000    0.0261613   0.00202636    0.0448922   0.00202636    0.0359096    0.0463104
      857.000    0.0202711   0.00202121    0.0367998   0.00202121    0.0284644    0.0360821
      860.000    0.0170530   0.00201605    0.0309718   0.00201605    0.0246953    0.0304572
      863.000    0.0152354   0.00201090    0.0272884   0.00201090    0.0224202    0.0259699
      866.000    0.0145631   0.00200574    0.0259812   0.00200574    0.0229255    0.0261443
      869.000    0.0163387   0.00200059    0.0299905   0.00200059    0.0243532    0.0306823
      872.000    0.0185247   0.00199543    0.0340144   0.00199543    0.0277081    0.0352366
      875.000    0.0208333   0.00199028    0.0385527   0.00199028    0.0278455    0.0372102
      878.000    0.0195978   0.00198512    0.0365032   0.00198512    0.0268321    0.0344670
      881.000    0.0151369   0.00197997    0.0276115   0.00197997    0.0226999    0.0270674
      884.000    0.0101966   0.00197481    0.0158909   0.00197481    0.0167051    0.0159128
      887.000   0.00953283   0.00196966    0.0138638   0.00196966    0.0164945    0.0149579
      890.000    0.0105994   0.00196450    0.0162230   0.00196450    0.0174408    0.0168024
      893.000    0.0108358   0.00195935    0.0163995   0.00195935    0.0183227    0.0171046
      896.000    0.0109770   0.00195419    0.0162530   0.00195419    0.0175466    0.0168848
      899.000    0.0122606   0.00194904    0.0195817   0.00194904    0.0185640    0.0189931
      902.000    0.0136537   0.00389465    0.0236426   0.00389465    0.0207720    0.0225457
      905.000    0.0159380   0.00389463    0.0291702   0.00389463    0.0246549    0.0289540
      908.000    0.0187221   0.00389463    0.0338896   0.00389463    0.0280770    0.0339392
      912.000    0.0194642   0.00389462    0.0349898   0.00389462    0.0275963    0.0347351
      915.000    0.0204499   0.00389462    0.0354981   0.00389462    0.0294414    0.0353146
      918.000    0.0253997   0.00389462    0.0413461   0.00389462    0.0340829    0.0424228
      921.000    0.0333415   0.00389463    0.0435569   0.00389463    0.0414569    0.0499868
      924.000    0.0488884   0.00389461    0.0544102   0.00389461    0.0573105    0.0650094
      927.000    0.0685311   0.00389463    0.0702598   0.00389463    0.0745792    0.0809578
      930.000     0.139756   0.00389460     0.131229   0.00389460     0.107726     0.108338
      933.000     0.183527   0.00389460     0.149987   0.00389460     0.142689     0.137656
lambda(nm), kmeas, kmeas_err, kmodMUSE, kmodHST
      482.000     0.819253    0.0202835     0.807253     0.754775
      483.000     0.761607    0.0176523     0.786042     0.739759
      484.000     0.733244    0.0182338     0.742261     0.705826
      485.000     0.720160    0.0197341     0.696266     0.661980
      486.000     0.720174    0.0201267     0.679815     0.656956
      487.000     0.775532    0.0196788     0.751549     0.711989
      488.000     0.809236    0.0172872     0.809797     0.781331
      489.000     0.831216    0.0156698     0.852305     0.833685
      490.000     0.858268    0.0155071     0.865630     0.862864
      491.000     0.876967    0.0157421     0.867377     0.869793
      492.000     0.886941    0.0158773     0.866982     0.871517
      493.000     0.882705    0.0157925     0.867140     0.870699
      494.000     0.872885    0.0157623     0.868228     0.869188
      495.000     0.878170    0.0160027     0.866928     0.870822
      496.000     0.886356    0.0161343     0.866011     0.873555
      497.000     0.882089    0.0160404     0.864035     0.874886
      498.000     0.875149    0.0160428     0.861178     0.874123
      499.000     0.873133    0.0161384     0.858095     0.870687
      500.000     0.864888    0.0162072     0.854195     0.864927
      501.000     0.854351    0.0162766     0.850158     0.857455
      502.000     0.843461    0.0163150     0.844502     0.846988
      503.000     0.835062    0.0165407     0.837809     0.833523
      504.000     0.821994    0.0168574     0.829817     0.821101
      505.000     0.807012    0.0171646     0.820816     0.807828
      506.000     0.793154    0.0175840     0.810272     0.790586
      507.000     0.775478    0.0181479     0.794570     0.771160
      508.000     0.753730    0.0187577     0.775276     0.750083
      509.000     0.730387    0.0192808     0.758838     0.729320
      510.000     0.724101    0.0196004     0.750579     0.720714
      511.000     0.739768    0.0192446     0.763184     0.737974
      512.000     0.773181    0.0183243     0.797478     0.778398
      513.000     0.813320    0.0173136     0.822811     0.823049
      514.000     0.844456    0.0165292     0.841497     0.856441
      515.000     0.860487    0.0162137     0.849080     0.870523
      516.000     0.869763    0.0163185     0.851393     0.873320
      517.000     0.878938    0.0167169     0.848859     0.867880
      518.000     0.850620    0.0164260     0.843215     0.855387
      519.000     0.826908    0.0164024     0.835091     0.838685
      520.000     0.815540    0.0168701     0.825624     0.820453
      521.000     0.800354    0.0172657     0.814049     0.806215
      522.000     0.792170    0.0175026     0.807901     0.802248
      523.000     0.798556    0.0175286     0.808550     0.805916
      524.000     0.809039    0.0172836     0.815080     0.817344
      525.000     0.828762    0.0171868     0.823547     0.832606
      526.000     0.842591    0.0169532     0.830136     0.846295
      527.000     0.859036    0.0168860     0.834418     0.852676
      528.000     0.852843    0.0165513     0.834128     0.851760
      529.000     0.841562    0.0165048     0.832030     0.847344
      530.000     0.835415    0.0168044     0.827289     0.840073
      531.000     0.822229    0.0172311     0.817716     0.823625
      532.000     0.802024    0.0178444     0.801119     0.798807
      533.000     0.778554    0.0184266     0.782174     0.771390
      534.000     0.755201    0.0190478     0.761543     0.744883
      535.000     0.728675    0.0199877     0.736011     0.716150
      536.000     0.692166    0.0213400     0.695819     0.679684
      537.000     0.650064    0.0231011     0.646550     0.638912
      538.000     0.607816    0.0250594     0.596838     0.600773
      539.000     0.567667    0.0270871     0.554011     0.569320
      540.000     0.524987    0.0293706     0.510722     0.536898
      541.000     0.490515    0.0323181     0.466702     0.501415
      542.000     0.443678    0.0354243     0.432134     0.468810
      543.000     0.417861    0.0370571     0.422177     0.460102
      544.000     0.447090    0.0351852     0.445646     0.481470
      545.000     0.520442    0.0304559     0.509641     0.538815
      546.000     0.607654    0.0253871     0.610351     0.616642
      547.000     0.691790    0.0215216     0.717356     0.697845
      548.000     0.762939    0.0190339     0.787804     0.763180
      549.000     0.809642    0.0176774     0.824558     0.807816
      550.000     0.836191    0.0171520     0.839121     0.834227
      551.000     0.846278    0.0169441     0.845078     0.844178
      554.000     0.838696    0.0176665     0.835094     0.824110
      557.000     0.829212    0.0178198     0.817321     0.799761
      560.000     0.821008    0.0175645     0.822614     0.816882
      563.000     0.820535    0.0177713     0.821147     0.806194
      566.000     0.777914    0.0192701     0.782197     0.757532
      569.000     0.738290    0.0222208     0.727629     0.698184
      572.000     0.689107    0.0244262     0.663589     0.646068
      575.000     0.606611    0.0283811     0.575285     0.580886
      578.000     0.610426    0.0279638     0.601144     0.593840
      605.000     0.702958    0.0237324     0.718771     0.700795
      608.000     0.629996    0.0290206     0.614917     0.605041
      611.000     0.516579    0.0363146     0.507420     0.522843
      614.000     0.308821    0.0588672     0.342610     0.391141
      617.000     0.223052    0.0760416     0.275482     0.334271
      620.000     0.225219    0.0900439     0.242343     0.309559
      623.000     0.276041    0.0697917     0.318730     0.366238
      626.000     0.521165    0.0398590     0.487572     0.520844
      629.000     0.682079    0.0233311     0.673369     0.652872
      632.000     0.741774    0.0235153     0.729893     0.715937
      635.000     0.747452    0.0230416     0.728042     0.718966
      638.000     0.711836    0.0256649     0.700465     0.686792
      642.000     0.624849    0.0299533     0.626612     0.622126
      645.000     0.618805    0.0298393     0.630601     0.620090
      648.000     0.594414    0.0307208     0.607078     0.602528
      651.000     0.555602    0.0338310     0.558308     0.571650
      654.000     0.529281    0.0361061     0.519004     0.543650
      657.000     0.469756    0.0409758     0.457556     0.496896
      660.000     0.406186    0.0462404     0.435453     0.468221
      663.000     0.372415    0.0523383     0.405550     0.430217
      666.000     0.325794    0.0586781     0.380676     0.400846
      669.000     0.333960    0.0577648     0.393002     0.413365
      672.000     0.490638    0.0448330     0.475935     0.483575
      675.000     0.576194    0.0309465     0.598433     0.579482
      678.000     0.647953    0.0253179     0.650075     0.634486
      681.000     0.556586    0.0317575     0.576112     0.552265
      684.000     0.496004    0.0388182     0.507631     0.502800
      687.000     0.531783    0.0326795     0.551715     0.539914
      690.000     0.572556    0.0287364     0.588829     0.573788
      693.000     0.575503    0.0280203     0.580790     0.569404
      696.000     0.468421    0.0358076     0.486730     0.502349
      699.000     0.331826    0.0541623     0.385293     0.407374
      702.000     0.218696    0.0762124     0.306700     0.339837
      705.000     0.240517    0.0700391     0.326700     0.353114
      708.000     0.320203    0.0523570     0.391687     0.407558
      711.000     0.410292    0.0415849     0.443162     0.448944
      714.000     0.395347    0.0403068     0.440054     0.449909
      717.000     0.226226    0.0725815     0.275367     0.335540
      720.000     0.114328     0.113702     0.164857     0.281909
      723.000     0.104939     0.122338     0.153919     0.284303
      726.000     0.110058     0.146079     0.159902     0.315774
      729.000     0.107890     0.142755     0.155643     0.295228
      733.000     0.103588     0.116100     0.155958     0.276399
      736.000     0.135733    0.0938570     0.216490     0.289198
      739.000     0.253625    0.0602244     0.352047     0.360785
      742.000     0.440750    0.0332507     0.474746     0.478016
      745.000     0.525266    0.0241166     0.554783     0.554746
      748.000     0.544946    0.0230705     0.561917     0.562781
      751.000     0.544928    0.0222005     0.564721     0.569414
      754.000     0.550502    0.0216570     0.571248     0.574065
      757.000     0.557900    0.0254489     0.540399     0.541897
      760.000     0.481881    0.0281892     0.483348     0.496682
      763.000     0.377985    0.0402187     0.424425     0.439224
      766.000     0.329962    0.0499931     0.398244     0.411019
      769.000     0.335148    0.0500404     0.402891     0.411238
      772.000     0.368063    0.0561031     0.387745     0.400381
      775.000     0.269653    0.0681692     0.351088     0.361512
      778.000     0.209681    0.0828864     0.302233     0.341280
      781.000     0.140682     0.110721     0.201793     0.314512
      784.000     0.122319     0.121524     0.178872     0.306297
      787.000     0.126301     0.114569     0.201937     0.300513
      790.000     0.149362     0.109278     0.231224     0.312104
      793.000     0.139053     0.131534     0.196046     0.320248
      796.000     0.216843     0.148686     0.180403     0.323422
      802.000     0.148626    0.0665735     0.181083     0.296427
      805.000     0.161650    0.0604633     0.224526     0.320083
      808.000     0.198115    0.0514434     0.303780     0.332798
      811.000     0.251098    0.0456201     0.357480     0.376322
      814.000     0.373330    0.0335864     0.447128     0.463357
      817.000     0.460836    0.0251042     0.502549     0.514039
      821.000     0.544884    0.0175311     0.559533     0.569230
      824.000     0.599638    0.0161105     0.611854     0.616683
      827.000     0.630734    0.0159877     0.649444     0.632577
      830.000     0.612985    0.0121381     0.615192     0.620002
      833.000     0.534260    0.0131221     0.554114     0.556714
      836.000     0.281671    0.0343443     0.394353     0.400943
      839.000     0.153624    0.0595765     0.212713     0.333210
      842.000     0.130170    0.0621747     0.192968     0.338528
      845.000     0.186936    0.0504921     0.296023     0.344089
      848.000     0.268806    0.0409884     0.393008     0.388548
      851.000     0.253598    0.0414467     0.380879     0.373477
      854.000     0.134308    0.0607132     0.208491     0.327739
      857.000    0.0961690    0.0770931     0.132654     0.339399
      860.000    0.0958592    0.0913982     0.125106     0.357979
      863.000     0.105284     0.102374     0.133095     0.400462
      866.000     0.107965     0.106927     0.129406     0.411024
      869.000    0.0886865    0.0944310     0.122907     0.343544
      872.000    0.0884625    0.0830664     0.137186     0.337221
      875.000    0.0831828    0.0735404     0.149358     0.303664
      878.000    0.0787753    0.0778601     0.131765     0.330418
      881.000    0.0929193     0.101023     0.141721     0.380827
      884.000     0.199516     0.155842     0.203722     0.532910
      887.000     0.246350     0.169816     0.248157     0.566228
      890.000     0.211744     0.149935     0.212353     0.525255
      893.000     0.219358     0.146775     0.214094     0.546591
      896.000     0.234203     0.145486     0.212320     0.526037
      899.000     0.182915     0.127019     0.169062     0.484524
      902.000     0.128174     0.223076     0.135687     0.444509
      905.000    0.0906563     0.188580     0.120203     0.391146
      908.000    0.0981264     0.160948     0.143155     0.371582
      912.000     0.102816     0.155064     0.160589     0.344192
      915.000     0.126505     0.148848     0.189257     0.376816
      918.000     0.170026     0.121871     0.285323     0.351760
      921.000     0.319000    0.0996235     0.405340     0.373286
      924.000     0.427529    0.0725293     0.492452     0.414637
      927.000     0.483130    0.0537635     0.516869     0.444422
      930.000     0.542634    0.0275704     0.574214     0.496162
      933.000     0.636675    0.0227107     0.629095     0.524322
