          39 ! Number of layers
newmodel.txt
Cloud opacities (tau) are per km at 800 nm
Fractional errors in cloud opacity (1,2,3,4):
     0.130931    0.0586322    0.0892069      0.00000
Base pressure (bar), tau1, tau2, tau3, tau4
      40.5200      0.00000      0.00000  4.48384e-34      0.00000
      31.2237      0.00000      0.00000  3.55906e-34      0.00000
      20.2600      0.00000      0.00000  2.76711e-34      0.00000
      14.2863  2.86100e-28      0.00000  1.45760e-30      0.00000
      11.0093  1.85759e-13      0.00000  4.66533e-26      0.00000
      8.48317  8.30300e-05      0.00000  6.80211e-22      0.00000
      6.53699     0.187659  2.73986e-31  4.99520e-18      0.00000
      5.03724     0.159639  1.14970e-15  1.96813e-14      0.00000
      3.88151  3.29232e-05  4.94008e-06  4.01997e-11      0.00000
      2.99098  6.50023e-14    0.0153822  6.03216e-09      0.00000
      2.53250  2.17533e-22     0.219437  1.22394e-07      0.00000
      2.30478  1.50309e-27     0.417456  1.05864e-06      0.00000
      2.12730  3.03961e-33     0.214372  1.06831e-05      0.00000
      1.92470      0.00000    0.0210179  0.000111410      0.00000
      1.72210      0.00000  0.000208711  0.000423180      0.00000
      1.51950      0.00000  6.86457e-08  0.000551371      0.00000
      1.31690      0.00000  1.18440e-12  0.000544764      0.00000
      1.21560      0.00000  1.43730e-17  0.000528606      0.00000
      1.05453      0.00000  5.00892e-26  0.000488514      0.00000
     0.812629      0.00000      0.00000  0.000433239      0.00000
     0.626196      0.00000      0.00000  0.000380602      0.00000
     0.482532      0.00000      0.00000  0.000334776      0.00000
     0.371822      0.00000      0.00000  0.000293651      0.00000
     0.286517      0.00000      0.00000  0.000257341      0.00000
     0.220783      0.00000      0.00000  0.000225993      0.00000
     0.170133      0.00000      0.00000  0.000198053      0.00000
     0.131102      0.00000      0.00000  0.000173881      0.00000
     0.101021      0.00000      0.00000  0.000152640      0.00000
    0.0778450      0.00000      0.00000  0.000133954      0.00000
    0.0599848      0.00000      0.00000  0.000117562      0.00000
    0.0462232      0.00000      0.00000  0.000102836      0.00000
    0.0356181      0.00000      0.00000  8.99021e-05      0.00000
    0.0274462      0.00000      0.00000  7.89504e-05      0.00000
    0.0211494      0.00000      0.00000  6.92936e-05      0.00000
    0.0162971      0.00000      0.00000  6.08609e-05      0.00000
    0.0125582      0.00000      0.00000  5.34523e-05      0.00000
   0.00967719      0.00000      0.00000  4.69753e-05      0.00000
   0.00745700      0.00000      0.00000  4.13531e-05      0.00000
   0.00574614      0.00000      0.00000  0.000170289      0.00000
