          39 ! Number of layers
oldmodel.txt
Cloud opacities (tau) are per km at 800 nm
Fractional errors in cloud opacity (1,2,3,4):
    0.0964205    0.0486634    0.0575172    0.0543403
Base pressure (bar), tau1, tau2, tau3, tau4
      40.5200      76.4805      0.00000  4.47535e-34      0.00000
      31.2237      24.5441      0.00000  3.55257e-34      0.00000
      20.2600      6.19875      0.00000  2.84207e-34      0.00000
      14.2863      2.11657      0.00000  3.86677e-30      0.00000
      11.0093     0.857332      0.00000  1.24017e-25      0.00000
      8.48317     0.342375      0.00000  1.80512e-21      0.00000
      6.53699     0.135621      0.00000  1.32359e-17      0.00000
      5.03724    0.0535088  5.78920e-20  5.22186e-14      0.00000
      3.88151    0.0212310  1.34975e-08  1.06651e-10      0.00000
      2.99098   0.00975921  0.000428329  1.60061e-08      0.00000
      2.53250   0.00607512    0.0230606  3.24557e-07      0.00000
      2.30478   0.00445481     0.128279  2.80421e-06      0.00000
      2.12730   0.00327073     0.207677  2.84736e-05      0.00000
      1.92470   0.00224606    0.0688828  0.000301625      0.00000
      1.72210   0.00150658   0.00310174   0.00111639      0.00000
      1.51950  0.000958490  6.45727e-06   0.00146433      0.00000
      1.31690  0.000648063  6.65550e-10   0.00144859      0.00000
      1.21560  0.000443263  4.26314e-14   0.00140106      0.00000
      1.05453  0.000225857  1.25033e-21   0.00129731      0.00000
     0.812629  8.93089e-05  2.44162e-36   0.00115043      0.00000
     0.626196  3.48755e-05      0.00000   0.00101040  1.46480e-34
     0.482532  1.35556e-05      0.00000  0.000888785  9.56482e-19
     0.371822  5.17881e-06      0.00000  0.000777881  5.43113e-08
     0.286517  1.95260e-06      0.00000  0.000684761   0.00163551
     0.220783  7.25104e-07      0.00000  0.000598730   0.00629192
     0.170133  2.69070e-07      0.00000  0.000526907  0.000106335
     0.131102  9.86558e-08      0.00000  0.000461628  3.90000e-11
     0.101021  3.59653e-08      0.00000  0.000405265  4.61339e-23
    0.0778450  1.30451e-08      0.00000  0.000355695  9.43189e-35
    0.0599848  4.71547e-09      0.00000  0.000311435      0.00000
    0.0462232  1.70596e-09      0.00000  0.000273057      0.00000
    0.0356181  6.13554e-10      0.00000  0.000238809      0.00000
    0.0274462  2.19215e-10      0.00000  0.000209628      0.00000
    0.0211494  7.78075e-11      0.00000  0.000184044      0.00000
    0.0162971  2.74482e-11      0.00000  0.000161895      0.00000
    0.0125582  9.53676e-12      0.00000  0.000141944      0.00000
   0.00967719  3.27895e-12      0.00000  0.000124757      0.00000
   0.00745700  1.12081e-12      0.00000  0.000109649      0.00000
   0.00574614  6.64407e-13      0.00000  0.000451580      0.00000
